[0.94509804 0.94509804 0.96078431 0.96078431 0.94901961 0.94901961
 0.94117647 0.94117647 0.92941176 0.92941176 0.96470588 0.96470588
 0.98823529 0.98823529 0.93333333 0.93333333 0.95686275 0.95686275
 0.96862745 0.98039216 0.98039216 0.98039216 0.99607843 0.99607843
 0.96078431 0.96078431 0.96470588 0.96470588 0.00784314 0.00784314
 0.94509804 0.94509804 0.98823529 0.98823529 0.98431373 0.98431373
 1.         1.         0.01960784 0.01960784 0.00784314 0.00784314
 0.03137255 0.03137255 0.00784314 0.00784314 0.00392157 0.00392157
 0.00784314 0.01960784 0.00784314 0.00784314 0.99607843 0.99607843
 0.         0.         0.01176471 0.02352941 0.05098039 0.03921569
 0.04313725 0.04313725 0.03921569 0.03921569 0.06666667 0.06666667
 0.05098039 0.0627451  0.06666667 0.06666667]
[0.01960784 0.01960784 0.09803922 0.08627451 0.02352941 0.02352941
 0.05098039 0.05098039 0.03137255 0.03137255 0.08627451 0.08627451
 0.03137255 0.03137255 0.09803922 0.09803922 0.09411765 0.09411765
 0.0627451  0.0627451  0.05098039 0.05098039 0.0627451  0.0627451
 0.04313725 0.04313725 0.05098039 0.05098039 0.08235294 0.08235294
 0.07058824 0.07058824 0.09411765 0.09411765 0.05490196 0.05490196
 0.07843137 0.07843137 0.10196078 0.09019608 0.09411765 0.09411765
 0.04705882 0.04705882 0.0745098  0.0745098  0.12156863 0.12156863
 0.09803922 0.08627451 0.08627451 0.08627451 0.1372549  0.1372549
 0.10588235 0.09411765 0.09411765 0.09411765 0.09019608 0.07843137
 0.08235294 0.08235294 0.1254902  0.1254902  0.09803922 0.09803922
 0.14509804 0.12156863 0.09803922 0.10980392]
[0.10980392 0.10980392 0.1254902  0.1372549  0.15294118 0.15294118
 0.08235294 0.08235294 0.14901961 0.14901961 0.12156863 0.12156863
 0.12156863 0.10980392 0.09411765 0.09411765 0.10980392 0.10980392
 0.10980392 0.09803922 0.16078431 0.16078431 0.14117647 0.14117647
 0.15686275 0.15686275 0.14117647 0.14117647 0.14117647 0.14117647
 0.12156863 0.12156863 0.13333333 0.13333333 0.15294118 0.15294118
 0.14117647 0.14117647 0.14117647 0.14117647 0.12941176 0.12941176
 0.14901961 0.14901961 0.1372549  0.1372549  0.14901961 0.16078431
 0.16470588 0.16470588 0.15686275 0.14509804 0.1372549  0.1372549
 0.16862745 0.16862745 0.16470588 0.16470588 0.1372549  0.1372549
 0.18823529 0.18823529 0.14901961 0.14901961 0.16078431 0.14901961
 0.14901961 0.14901961 0.14901961 0.14901961]
[0.12941176 0.12941176 0.15686275 0.15686275 0.15294118 0.15294118
 0.1372549  0.1372549  0.14509804 0.14509804 0.14509804 0.15686275
 0.14901961 0.16078431 0.16470588 0.16470588 0.16470588 0.16470588
 0.17647059 0.17647059 0.16470588 0.16470588 0.18823529 0.18823529
 0.21568627 0.21568627 0.20784314 0.20784314 0.19215686 0.20392157
 0.2        0.2        0.17254902 0.17254902 0.18431373 0.18431373
 0.10588235 0.10588235 0.02352941 0.02352941 0.97647059 0.97647059
 0.09411765 0.09411765 0.99607843 0.99607843 0.97254902 0.96078431
 0.33333333 0.34509804 0.23529412 0.24705882 0.3254902  0.3254902
 0.24705882 0.25882353 0.28627451 0.28627451 0.09411765 0.09411765
 0.09803922 0.09803922 0.05882353 0.04705882 0.11764706 0.11764706
 0.16470588 0.15294118 0.11372549 0.10196078]
[0.08627451 0.08627451 0.07058824 0.07058824 0.21960784 0.21960784
 0.25490196 0.25490196 0.14901961 0.14901961 0.08627451 0.08627451
 0.16078431 0.16078431 0.94117647 0.94117647 0.04705882 0.03529412
 0.05882353 0.05882353 0.01568627 0.00392157 0.85490196 0.85490196
 0.74509804 0.75686275 0.01176471 0.01176471 0.1254902  0.1254902
 0.27843137 0.27843137 0.05882353 0.05882353 0.00392157 0.00392157
 0.93333333 0.93333333 0.75294118 0.75294118 0.77254902 0.77254902
 0.97647059 0.97647059 0.72156863 0.73333333 0.69411765 0.69411765
 0.83137255 0.83137255 0.65490196 0.65490196 0.66666667 0.66666667
 0.60784314 0.60784314 0.63529412 0.63529412 0.77647059 0.77647059
 0.56078431 0.57254902 0.60392157 0.60392157 0.79607843 0.79607843
 0.56470588 0.57647059 0.61176471 0.6       ]
[0.55686275 0.55686275 0.78039216 0.78039216 0.7372549  0.7372549
 0.68627451 0.68627451 0.70980392 0.70980392 0.95294118 0.95294118
 0.20392157 0.21568627 0.56470588 0.56470588 0.45882353 0.47058824
 0.31372549 0.31372549 0.12941176 0.14117647 0.01176471 0.01176471
 0.86666667 0.87843137 0.77647059 0.76470588 0.60784314 0.61960784
 0.51372549 0.5254902  0.49803922 0.50980392 0.41960784 0.41960784
 0.38431373 0.37254902 0.37647059 0.37647059 0.34901961 0.34901961
 0.36470588 0.35294118 0.34901961 0.34901961 0.36470588 0.35294118
 0.35294118 0.35294118 0.35294118 0.35294118 0.36862745 0.38039216
 0.35294118 0.35294118 0.36078431 0.36078431 0.32941176 0.32941176
 0.30980392 0.30980392 0.32156863 0.32156863 0.27843137 0.29019608
 0.30196078 0.30196078 0.28627451 0.28627451]
[0.2745098  0.2745098  0.2745098  0.2745098  0.2627451  0.2627451
 0.25490196 0.25490196 0.23921569 0.23921569 0.30980392 0.30980392
 0.37254902 0.37254902 0.55294118 0.55294118 0.70588235 0.69411765
 0.92941176 0.92941176 0.18431373 0.18431373 0.36078431 0.36078431
 0.59607843 0.59607843 0.70980392 0.70980392 0.58823529 0.57647059
 0.28627451 0.28627451 0.79215686 0.80392157 0.74509804 0.74509804
 0.81960784 0.80784314 0.89019608 0.89019608 0.01176471 0.01176471
 0.02745098 0.03921569 0.15294118 0.15294118 0.20784314 0.20784314
 0.13333333 0.13333333 0.09803922 0.09803922 0.99607843 0.99607843
 0.9372549  0.9372549  0.92156863 0.92156863 0.19607843 0.18431373
 0.59607843 0.58431373 0.14509804 0.14509804 0.27843137 0.27843137
 0.38039216 0.38039216 0.3372549  0.3254902 ]
[0.33333333 0.33333333 0.38823529 0.38823529 0.37647059 0.37647059
 0.34117647 0.32941176 0.3254902  0.3254902  0.3372549  0.3372549
 0.32156863 0.32156863 0.31764706 0.31764706 0.30980392 0.30980392
 0.32156863 0.33333333 0.32156863 0.32156863 0.34901961 0.3372549
 0.32156863 0.32156863 0.17254902 0.17254902 0.64705882 0.64705882
 0.30196078 0.30196078 0.81568627 0.80392157 0.76078431 0.76078431
 0.87843137 0.87843137 0.89019608 0.89019608 0.65098039 0.65098039
 0.34901961 0.34901961 0.31372549 0.31372549 0.29411765 0.28235294
 0.32156863 0.32156863 0.31764706 0.31764706 0.3254902  0.3254902
 0.4        0.4        0.39215686 0.39215686 0.36470588 0.36470588
 0.41568627 0.41568627 0.39607843 0.39607843 0.37254902 0.37254902
 0.35686275 0.35686275 0.37647059 0.37647059]
[0.48627451 0.49803922 0.81568627 0.81568627 0.76078431 0.76078431
 0.8        0.8        0.01568627 0.01568627 0.03921569 0.03921569
 0.11764706 0.11764706 0.16078431 0.16078431 0.0627451  0.0627451
 0.01960784 0.01960784 0.84313725 0.84313725 0.56862745 0.58039216
 0.39215686 0.39215686 0.50588235 0.50588235 0.46666667 0.46666667
 0.49019608 0.49019608 0.5254902  0.5372549  0.50980392 0.50980392
 0.48627451 0.48627451 0.40784314 0.40784314 0.51372549 0.51372549
 0.71764706 0.72941176 0.35686275 0.34509804 0.93333333 0.93333333
 0.21176471 0.21176471 0.32941176 0.32941176 0.39607843 0.39607843
 0.40392157 0.40392157 0.42352941 0.42352941 0.45098039 0.45098039
 0.42352941 0.42352941 0.03921569 0.02745098 0.83137255 0.83137255
 0.55294118 0.55294118 0.77647059 0.77647059]
[0.91372549 0.91372549 0.9372549  0.9372549  0.83529412 0.84705882
 0.70980392 0.70980392 0.56470588 0.56470588 0.68627451 0.68627451
 0.03137255 0.04313725 0.47843137 0.47843137 0.94117647 0.94117647
 0.26666667 0.26666667 0.39607843 0.39607843 0.42352941 0.43529412
 0.40392157 0.40392157 0.41568627 0.41568627 0.45490196 0.46666667
 0.41960784 0.41960784 0.4        0.4        0.43529412 0.42352941
 0.4627451  0.4627451  0.42745098 0.42745098 0.47058824 0.47058824
 0.44705882 0.44705882 0.45098039 0.45098039 0.45490196 0.45490196
 0.43137255 0.43137255 0.1254902  0.1254902  0.10588235 0.10588235
 0.69019608 0.69019608 0.43529412 0.43529412 0.50980392 0.50980392
 0.50196078 0.51372549 0.5254902  0.5254902  0.48627451 0.4745098
 0.45490196 0.45490196 0.39607843 0.39607843]
[0.36078431 0.36078431 0.52156863 0.52156863 0.89411765 0.92941176
 0.94901961 0.90196078 0.90980392 0.94509804 0.9254902  0.9254902
 0.91372549 0.90196078 0.90980392 0.92156863 0.96470588 0.92941176
 0.91764706 0.91764706 0.9372549  0.94901961 0.95686275 0.93333333
 0.96470588 0.96470588 0.97647059 0.96470588 0.96078431 0.94901961
 0.98039216 0.93333333 0.96862745 0.99215686 0.96862745 0.95686275
 0.97254902 0.96078431 0.98431373 0.96078431 0.98039216 0.99215686
 0.         0.98039216 0.99215686 0.96862745 0.         0.01176471
 0.01176471 0.02352941 1.         0.00784314 0.99607843 0.99607843
 0.99607843 0.01568627 0.00392157 0.01568627 0.00392157 0.99607843
 0.00784314 0.01960784 0.03137255 0.00784314 0.02352941 0.
 0.01960784 0.04313725 0.03529412 0.04705882]
[0.00784314 0.00784314 0.00392157 0.01568627 0.00392157 0.03921569
 0.04705882 0.03529412 0.00784314 0.01960784 0.00784314 0.98823529
 1.         1.         0.03921569 0.00392157 0.01568627 0.05098039
 0.0627451  0.05098039 0.05882353 0.03529412 0.01960784 0.05490196
 0.03921569 0.05098039 0.0627451  0.0627451  0.02352941 0.05882353
 0.04313725 0.04313725 0.0627451  0.03921569 0.0627451  0.08627451
 0.05490196 0.03137255 0.03529412 0.04705882 0.07058824 0.05882353
 0.08627451 0.0745098  0.05882353 0.07058824 0.05098039 0.05098039
 0.03921569 0.03921569 0.07843137 0.07843137 0.09411765 0.05882353
 0.07843137 0.06666667 0.07843137 0.09019608 0.08235294 0.10588235
 0.09803922 0.0627451  0.07058824 0.09411765 0.09411765 0.07058824
 0.09411765 0.10588235 0.08235294 0.08235294]
[0.10980392 0.14509804 0.13333333 0.09803922 0.11764706 0.09411765
 0.11372549 0.09019608 0.10980392 0.12156863 0.11764706 0.10588235
 0.10980392 0.12156863 0.10588235 0.10588235 0.10588235 0.12941176
 0.07843137 0.09019608 0.11372549 0.1254902  0.11372549 0.11372549
 0.12156863 0.13333333 0.11372549 0.11372549 0.10980392 0.08627451
 0.10980392 0.10980392 0.10588235 0.11764706 0.10980392 0.09803922
 0.10196078 0.14901961 0.13333333 0.12156863 0.11372549 0.11372549
 0.14117647 0.11764706 0.10980392 0.10980392 0.10980392 0.09803922
 0.12156863 0.12156863 0.11372549 0.11372549 0.15294118 0.14117647
 0.14509804 0.13333333 0.15294118 0.16470588 0.15294118 0.12941176
 0.12941176 0.16470588 0.1372549  0.1372549  0.14901961 0.1254902
 0.14901961 0.1372549  0.12941176 0.16470588]
[0.12941176 0.12941176 0.1254902  0.1372549  0.1254902  0.09019608
 0.13333333 0.14509804 0.13333333 0.12156863 0.13333333 0.10980392
 0.15294118 0.16470588 0.1372549  0.17254902 0.15294118 0.15294118
 0.12156863 0.14509804 0.1372549  0.11372549 0.16470588 0.14117647
 0.1372549  0.11372549 0.15294118 0.18823529 0.18823529 0.18823529
 0.18823529 0.21176471 0.19215686 0.16862745 0.21568627 0.22745098
 0.2        0.17647059 0.99607843 0.57254902 0.         0.8627451
 0.94117647 0.96470588 0.94901961 0.9372549  0.99215686 0.99215686
 0.00784314 0.89411765 0.00392157 0.2745098  0.3254902  0.41960784
 0.25882353 0.27058824 0.31372549 0.21960784 0.21960784 0.25490196
 0.29803922 0.23921569 0.07058824 0.04705882 0.07843137 0.04313725
 0.05098039 0.09803922 0.09803922 0.18039216]
[0.2        0.12941176 0.05490196 0.1372549  0.07843137 0.03137255
 0.05490196 0.18431373 0.12941176 0.24705882 0.21176471 0.23529412
 0.11764706 0.12941176 0.0745098  0.15686275 0.13333333 0.99607843
 0.91372549 0.01568627 0.96470588 0.97647059 0.00392157 0.00392157
 0.94901961 0.90196078 0.8627451  0.79215686 0.82745098 0.93333333
 0.02745098 0.30980392 0.1372549  0.1254902  0.21176471 0.55294118
 0.12156863 0.97254902 0.92941176 0.89411765 0.90196078 0.84313725
 0.78039216 0.72156863 0.68627451 0.8627451  0.91372549 0.77254902
 0.72156863 0.70980392 0.75686275 0.8745098  0.85098039 0.68627451
 0.6627451  0.65098039 0.6745098  0.8745098  0.70980392 0.6745098
 0.68235294 0.68235294 0.6745098  0.58039216 0.58823529 0.62352941
 0.56078431 0.97254902 0.83921569 0.6745098 ]
[0.59607843 0.63137255 0.62352941 0.64705882 0.60784314 0.60784314
 0.58823529 0.83529412 0.80392157 0.65098039 0.69019608 0.77254902
 0.74901961 0.90196078 0.08235294 0.63529412 0.40392157 0.4745098
 0.48235294 0.47058824 0.36470588 0.30588235 0.22352941 0.16470588
 0.05490196 0.03137255 0.93333333 0.88627451 0.81176471 0.75294118
 0.70980392 0.68627451 0.59607843 0.56078431 0.51372549 0.49019608
 0.47058824 0.47058824 0.41568627 0.39215686 0.36862745 0.39215686
 0.36470588 0.37647059 0.3372549  0.38431373 0.34509804 0.35686275
 0.35686275 0.35686275 0.34509804 0.34509804 0.3254902  0.36078431
 0.3372549  0.37254902 0.36862745 0.39215686 0.36078431 0.38431373
 0.34901961 0.34901961 0.3254902  0.34901961 0.31372549 0.3372549
 0.31764706 0.30588235 0.30588235 0.32941176]
[0.29019608 0.31372549 0.28235294 0.29411765 0.26666667 0.30196078
 0.25882353 0.29411765 0.2745098  0.2745098  0.25490196 0.26666667
 0.24313725 0.30196078 0.29411765 0.32941176 0.36470588 0.42352941
 0.49019608 0.54901961 0.64705882 0.77647059 0.8745098  0.01176471
 0.10980392 0.22745098 0.33333333 0.43921569 0.53333333 0.61568627
 0.69803922 0.78039216 0.68235294 0.65882353 0.50980392 0.28627451
 0.00784314 0.8        0.73333333 0.73333333 0.74117647 0.76470588
 0.78431373 0.85490196 0.89411765 0.94117647 0.95686275 0.02352941
 0.05098039 0.10980392 0.11764706 0.16470588 0.12941176 0.18823529
 0.10588235 0.09411765 0.04705882 0.04705882 0.98823529 0.94117647
 0.93333333 0.88627451 1.         0.04313725 0.23921569 0.48627451
 0.75294118 0.01960784 0.09803922 0.23921569]
[0.27058824 0.31764706 0.30588235 0.31764706 0.32156863 0.33333333
 0.35294118 0.31764706 0.34901961 0.3372549  0.32941176 0.30588235
 0.3254902  0.26666667 0.33333333 0.2745098  0.31764706 0.28235294
 0.29803922 0.25098039 0.29411765 0.29411765 0.31764706 0.25882353
 0.31372549 0.27843137 0.35294118 0.32941176 0.22745098 0.40392157
 0.83921569 0.49803922 0.24705882 0.8745098  0.95686275 0.61568627
 0.60784314 0.5372549  0.56078431 0.5254902  0.60784314 0.63137255
 0.70980392 0.78039216 0.6745098  0.62745098 0.4627451  0.35686275
 0.3372549  0.3254902  0.3254902  0.3254902  0.34901961 0.36078431
 0.31372549 0.34901961 0.32941176 0.36470588 0.37647059 0.38823529
 0.35294118 0.37647059 0.36470588 0.41176471 0.39607843 0.41960784
 0.36862745 0.40392157 0.36470588 0.4       ]
[0.36078431 0.41960784 0.37254902 0.40784314 0.43137255 0.59607843
 0.72941176 0.78823529 0.70980392 0.70980392 0.7254902  0.97254902
 0.03921569 0.10980392 0.05098039 0.10980392 0.08235294 0.16470588
 0.15294118 0.12941176 0.05098039 0.05098039 0.02745098 0.97254902
 0.91764706 0.84705882 0.67843137 0.47843137 0.41176471 0.52941176
 0.54117647 0.51764706 0.45490196 0.47843137 0.47058824 0.51764706
 0.5254902  0.51372549 0.51372549 0.5254902  0.50196078 0.51372549
 0.44313725 0.43137255 0.51764706 0.69411765 0.79215686 0.05882353
 0.34509804 0.62745098 0.83529412 0.01960784 0.07058824 0.16470588
 0.21568627 0.21568627 0.27843137 0.3372549  0.29411765 0.34117647
 0.35294118 0.4        0.43529412 0.41176471 0.38431373 0.25490196
 0.97647059 0.48235294 0.90196078 0.56078431]
[0.55686275 0.65098039 0.76862745 0.89803922 0.95686275 0.95686275
 0.94901961 0.90196078 0.83921569 0.75686275 0.70588235 0.6
 0.54117647 0.52941176 0.57647059 0.72941176 0.87843137 0.09803922
 0.30980392 0.60392157 0.79607843 0.00392157 0.13333333 0.2627451
 0.31764706 0.37647059 0.38039216 0.35686275 0.38823529 0.32941176
 0.36078431 0.37254902 0.42745098 0.34509804 0.4        0.37647059
 0.37647059 0.37647059 0.4        0.32941176 0.41960784 0.36078431
 0.39607843 0.38431373 0.42745098 0.35686275 0.42745098 0.38039216
 0.41960784 0.3254902  0.40392157 0.35686275 0.38823529 0.30588235
 0.18039216 0.83137255 0.30196078 0.91764706 0.70980392 0.68627451
 0.50588235 0.58823529 0.5254902  0.45490196 0.50980392 0.48627451
 0.52941176 0.51764706 0.4745098  0.50980392]
[0.4627451  0.42745098 0.42352941 0.36470588 0.40784314 0.57254902
 0.55294118 0.52941176 0.83529412 0.88235294 0.91764706 0.88235294
 0.90196078 0.87843137 0.87843137 0.87843137 0.91372549 0.91372549
 0.90980392 0.89803922 0.89803922 0.88627451 0.90980392 0.88627451
 0.90588235 0.91764706 0.96862745 0.93333333 0.90980392 0.93333333
 0.93333333 0.93333333 0.96862745 0.93333333 0.95686275 0.95686275
 0.95294118 0.92941176 0.96078431 0.9372549  0.96078431 0.96078431
 0.98823529 0.96470588 0.99607843 0.97254902 0.99215686 0.96862745
 0.99215686 0.96862745 0.98039216 0.96862745 0.98431373 0.97254902
 0.98431373 0.98431373 0.98039216 0.96862745 0.95686275 0.01176471
 1.         0.98823529 0.         0.98039216 0.         0.99215686
 0.02352941 0.         0.00784314 1.        ]
[0.00784314 1.         0.96470588 0.98823529 0.96862745 0.95686275
 0.9372549  0.94901961 0.98039216 0.         0.96862745 0.96862745
 0.94117647 0.98823529 0.96862745 0.95686275 0.95686275 0.94509804
 0.98823529 0.98823529 0.95686275 0.96862745 0.99607843 0.98431373
 0.98039216 0.99215686 0.97254902 0.98431373 1.         0.00784314
 0.01568627 0.99607843 0.99215686 0.01176471 0.         0.01176471
 0.03921569 0.05098039 0.05490196 0.05490196 0.03921569 0.00392157
 0.99607843 0.00392157 0.03137255 0.01960784 0.01176471 0.01176471
 0.00392157 0.03921569 0.05490196 0.03137255 0.04313725 0.03137255
 0.05098039 0.02745098 0.04313725 0.03137255 0.04313725 0.03137255
 0.05882353 0.04705882 0.01960784 0.07843137 0.09411765 0.05882353
 0.0745098  0.0627451  0.0745098  0.0745098 ]
[0.05882353 0.07058824 0.06666667 0.07843137 0.09019608 0.11372549
 0.08235294 0.08235294 0.06666667 0.06666667 0.10196078 0.06666667
 0.09411765 0.09411765 0.12156863 0.09803922 0.08627451 0.08627451
 0.08627451 0.0745098  0.0745098  0.0745098  0.07843137 0.09019608
 0.1254902  0.09019608 0.10980392 0.08627451 0.09019608 0.06666667
 0.01568627 0.0627451  0.03137255 0.01960784 0.0627451  0.0627451
 0.03921569 0.03921569 0.08627451 0.02745098 0.02745098 0.0627451
 0.04313725 0.05490196 0.03921569 0.0745098  0.0745098  0.08627451
 0.05882353 0.08235294 0.03921569 0.0627451  0.06666667 0.06666667
 0.0627451  0.0627451  0.09411765 0.10588235 0.10588235 0.10588235
 0.10588235 0.11764706 0.10980392 0.09803922 0.09019608 0.11372549
 0.09803922 0.12156863 0.1254902  0.10196078]
[0.09803922 0.10980392 0.08235294 0.08235294 0.10196078 0.10196078
 0.08627451 0.09803922 0.09019608 0.09019608 0.09803922 0.12156863
 0.12941176 0.11764706 0.12156863 0.08627451 0.12941176 0.12941176
 0.11372549 0.1254902  0.10980392 0.12156863 0.12156863 0.13333333
 0.08627451 0.13333333 0.1372549  0.10196078 0.13333333 0.10980392
 0.14117647 0.16470588 0.17254902 0.18431373 0.18039216 0.20392157
 0.2        0.16470588 0.15294118 0.17647059 0.1372549  0.10196078
 0.74509804 0.08627451 0.75686275 0.82745098 0.89019608 0.9372549
 0.96470588 0.89411765 0.89019608 0.94901961 0.02352941 0.07058824
 0.0745098  0.21568627 0.16470588 0.28235294 0.22352941 0.22352941
 0.27843137 0.23137255 0.14901961 0.24313725 0.22745098 0.16862745
 0.05098039 0.09803922 0.1254902  0.06666667]
[0.07058824 0.05882353 0.03137255 0.06666667 0.07058824 0.04705882
 0.96078431 0.02745098 0.99607843 0.02745098 0.02745098 0.05098039
 0.97647059 0.09019608 0.09019608 0.09019608 0.00392157 0.02745098
 0.00392157 0.02745098 1.         0.90588235 0.88627451 0.88627451
 0.80392157 0.81568627 0.89019608 0.12156863 0.94901961 0.94901961
 0.89019608 0.99607843 0.07843137 0.04313725 0.07058824 0.04705882
 0.98039216 0.         0.06666667 0.18431373 0.92156863 0.8745098
 0.78823529 0.81176471 0.82352941 0.85882353 0.74509804 0.65098039
 0.61960784 0.70196078 0.72156863 0.73333333 0.67843137 0.67843137
 0.77647059 0.82352941 0.74509804 0.6745098  0.61176471 0.63529412
 0.65882353 0.76470588 0.70980392 0.70980392 0.68627451 0.63921569
 0.59607843 0.57254902 0.56078431 0.60784314]
[0.56470588 0.71764706 0.65882353 0.64705882 0.59215686 0.75686275
 0.63921569 0.65098039 0.64705882 0.61176471 0.49019608 0.70196078
 0.8627451  0.68627451 0.6745098  0.74509804 0.80392157 0.
 0.30588235 0.45882353 0.35686275 0.39215686 0.28235294 0.24705882
 0.12156863 0.0745098  0.96470588 0.94117647 0.81960784 0.79607843
 0.7372549  0.69019608 0.64313725 0.59607843 0.53333333 0.53333333
 0.47058824 0.44705882 0.42745098 0.41568627 0.36862745 0.38039216
 0.35294118 0.35294118 0.33333333 0.34509804 0.33333333 0.34509804
 0.3254902  0.3254902  0.29803922 0.30980392 0.30196078 0.3254902
 0.30196078 0.29019608 0.26666667 0.30196078 0.32156863 0.33333333
 0.32941176 0.35294118 0.32941176 0.34117647 0.32941176 0.32941176
 0.30980392 0.32156863 0.32156863 0.30980392]
[0.2745098  0.28627451 0.29411765 0.31764706 0.29019608 0.30196078
 0.28627451 0.29803922 0.2745098  0.28627451 0.25098039 0.2627451
 0.23921569 0.23921569 0.22352941 0.23529412 0.23137255 0.25490196
 0.27843137 0.29019608 0.31764706 0.38823529 0.42352941 0.51764706
 0.61568627 0.72156863 0.83137255 0.90196078 0.97254902 0.12156863
 0.23921569 0.34509804 0.43529412 0.52941176 0.60392157 0.65098039
 0.65098039 0.68627451 0.65490196 0.49019608 0.28627451 0.03921569
 0.84313725 0.7372549  0.60392157 0.63921569 0.66666667 0.71372549
 0.78039216 0.79215686 0.77254902 0.84313725 0.87843137 0.97254902
 0.98431373 0.08627451 0.11764706 0.17647059 0.12941176 0.03529412
 0.04705882 0.03529412 0.03921569 0.00392157 0.         0.93333333
 0.90196078 0.9372549  0.94509804 0.12941176]
[0.25490196 0.47843137 0.61176471 0.89411765 0.10588235 0.12941176
 0.16470588 0.2        0.26666667 0.25490196 0.26666667 0.25490196
 0.27843137 0.29019608 0.30588235 0.27058824 0.29411765 0.27058824
 0.30588235 0.27058824 0.30980392 0.2745098  0.27843137 0.25490196
 0.27058824 0.25882353 0.29019608 0.25490196 0.30588235 0.29411765
 0.28235294 0.25882353 0.0745098  0.46666667 0.85098039 0.78039216
 0.58039216 0.58039216 0.54117647 0.78823529 0.55294118 0.49411765
 0.43529412 0.42352941 0.40392157 0.4627451  0.43137255 0.51372549
 0.51372549 0.54901961 0.50588235 0.42352941 0.4        0.37647059
 0.36078431 0.36078431 0.34117647 0.35294118 0.3254902  0.3254902
 0.3254902  0.36078431 0.36078431 0.37254902 0.34509804 0.36862745
 0.36078431 0.37254902 0.34509804 0.36862745]
[0.34901961 0.37254902 0.34901961 0.34901961 0.34901961 0.36078431
 0.34509804 0.38039216 0.38039216 0.50980392 0.6        0.68235294
 0.61960784 0.63137255 0.69019608 0.90196078 0.00392157 0.09803922
 0.07843137 0.00784314 0.96078431 0.05098039 0.06666667 0.00784314
 0.98431373 0.98431373 0.99215686 0.95686275 0.90196078 0.85490196
 0.81176471 0.57647059 0.42745098 0.4627451  0.47058824 0.48235294
 0.46666667 0.45490196 0.44313725 0.50196078 0.55686275 0.52156863
 0.51764706 0.54117647 0.56078431 0.50196078 0.48235294 0.49411765
 0.53333333 0.73333333 0.94509804 0.16470588 0.43529412 0.62352941
 0.79215686 0.89803922 0.92156863 0.95686275 0.01176471 0.04705882
 0.09803922 0.14509804 0.1372549  0.18431373 0.21960784 0.25490196
 0.32941176 0.31764706 0.2745098  0.0745098 ]
[0.79215686 0.18039216 0.66666667 0.57254902 0.57254902 0.70196078
 0.85882353 0.97647059 0.08235294 0.02352941 0.00392157 0.85490196
 0.80392157 0.72156863 0.66666667 0.57254902 0.47058824 0.45882353
 0.45490196 0.61960784 0.7372549  0.96078431 0.1372549  0.39607843
 0.63529412 0.85882353 0.01568627 0.16862745 0.27843137 0.30196078
 0.33333333 0.34509804 0.37647059 0.30588235 0.35294118 0.35294118
 0.43137255 0.36078431 0.38823529 0.36470588 0.38039216 0.35686275
 0.39215686 0.35686275 0.40784314 0.36078431 0.38823529 0.37647059
 0.42352941 0.37647059 0.41960784 0.39607843 0.44705882 0.38823529
 0.41176471 0.41176471 0.43921569 0.2745098  0.11372549 0.69411765
 0.19215686 0.98431373 0.64313725 0.54901961 0.44313725 0.51372549
 0.46666667 0.5254902  0.56078431 0.51372549]
[0.52941176 0.55294118 0.48235294 0.49411765 0.45882353 0.41176471
 0.37254902 0.39607843 0.45098039 0.53333333 0.52156863 0.49803922
 0.81960784 0.83137255 0.88235294 0.84705882 0.89411765 0.87058824
 0.85490196 0.85490196 0.90588235 0.89411765 0.89019608 0.86666667
 0.89019608 0.87843137 0.88627451 0.89803922 0.92941176 0.90588235
 0.92156863 0.89803922 0.92156863 0.90980392 0.92156863 0.88627451
 0.93333333 0.92156863 0.94509804 0.92156863 0.94901961 0.90196078
 0.94901961 0.9372549  0.96862745 0.95686275 0.96470588 0.92941176
 0.98431373 0.9254902  0.9372549  0.9372549  0.97647059 0.92941176
 0.98039216 0.96862745 1.         0.97647059 0.95294118 0.97647059
 0.98823529 0.98823529 0.98431373 0.99607843 0.99215686 0.
 0.98823529 0.96470588 0.98823529 0.97647059]
[0.98431373 0.99607843 0.98039216 0.         0.99607843 0.96078431
 0.9254902  0.9254902  0.93333333 0.94509804 0.94509804 0.93333333
 0.96078431 0.96078431 0.94117647 0.91764706 0.94117647 0.94117647
 0.94901961 0.96078431 0.94901961 0.9372549  0.94901961 0.94901961
 0.95294118 0.91764706 0.96862745 0.95686275 0.95294118 0.95294118
 0.94901961 0.9372549  0.98823529 0.98823529 0.01960784 0.97647059
 0.98823529 0.00784314 0.00392157 0.97254902 0.01960784 0.00784314
 0.02745098 0.98431373 0.00392157 0.00392157 0.98823529 0.98823529
 0.99215686 0.99215686 0.01568627 0.98431373 0.98823529 0.00784314
 0.04313725 0.00784314 0.02352941 0.01176471 0.03921569 0.00392157
 0.01176471 0.01176471 0.03921569 0.98431373 0.03529412 0.
 0.02745098 0.0627451  0.0627451  0.01568627]
[0.06666667 0.01960784 0.05882353 0.05882353 0.04705882 0.98039216
 0.05882353 0.08235294 0.09411765 0.08235294 0.0745098  0.0627451
 0.08235294 0.04705882 0.08627451 0.0627451  0.05098039 0.09803922
 0.10588235 0.07058824 0.07058824 0.08235294 0.09019608 0.10196078
 0.08235294 0.08235294 0.08627451 0.08627451 0.08627451 0.0627451
 0.09019608 0.07843137 0.07058824 0.01176471 0.         0.04705882
 0.00392157 0.99607843 0.02745098 0.03921569 0.02745098 0.00392157
 0.04313725 0.04313725 0.02352941 0.         0.01960784 0.03137255
 0.01568627 0.03921569 0.02745098 0.05098039 0.03529412 0.07058824
 0.04313725 0.03137255 0.07058824 0.07058824 0.04313725 0.98823529
 0.05098039 0.05098039 0.06666667 0.03137255 0.06666667 0.09019608
 0.09019608 0.04313725 0.0627451  0.0745098 ]
[0.09411765 0.07058824 0.08627451 0.09803922 0.08235294 0.03529412
 0.07843137 0.07843137 0.09803922 0.0745098  0.09411765 0.08235294
 0.07843137 0.09019608 0.07843137 0.10196078 0.10588235 0.08235294
 0.09803922 0.09803922 0.12156863 0.10980392 0.12941176 0.05882353
 0.09411765 0.11764706 0.09411765 0.12941176 0.09019608 0.11372549
 0.10980392 0.08627451 0.09019608 0.09019608 0.12156863 0.14509804
 0.14117647 0.15294118 0.16470588 0.2        0.17647059 0.16470588
 0.14509804 0.18039216 0.10588235 0.02352941 0.38431373 0.8
 0.81568627 0.8745098  0.96470588 0.92941176 0.96470588 0.92941176
 0.91764706 0.97647059 0.12941176 0.27058824 0.15294118 0.35294118
 0.10980392 0.20392157 0.29411765 0.16470588 0.19215686 0.38039216
 0.15294118 0.24705882 0.2        0.15294118]
[0.19607843 0.17254902 0.16078431 0.1372549  0.07843137 0.00784314
 0.96470588 0.03137255 0.01176471 0.05882353 0.         0.98039216
 0.94509804 0.02352941 0.00392157 0.98431373 0.96470588 0.98823529
 0.05882353 0.03529412 0.98431373 0.00392157 0.94901961 0.91372549
 0.89411765 0.78823529 0.9254902  0.97254902 0.8627451  0.78039216
 0.90980392 0.38823529 0.19607843 0.1372549  0.07058824 0.17647059
 0.09803922 0.03921569 0.97254902 0.96078431 0.95686275 0.92156863
 0.91764706 0.91764706 0.8627451  0.82745098 0.77647059 0.77647059
 0.71764706 0.03137255 0.79215686 0.62745098 0.63921569 0.61568627
 0.62352941 0.68235294 0.64705882 0.65882353 0.69019608 0.70196078
 0.63529412 0.67058824 0.64313725 0.63137255 0.6745098  0.73333333
 0.74901961 0.7372549  0.66666667 0.64313725]
[0.59215686 0.59215686 0.59215686 0.63921569 0.60392157 0.6745098
 0.65098039 0.6745098  0.6745098  0.04705882 0.73333333 0.65098039
 0.6627451  0.6745098  0.57647059 0.62352941 0.75294118 0.76470588
 0.72156863 0.82745098 0.94117647 0.06666667 0.36470588 0.49411765
 0.34509804 0.2627451  0.13333333 0.0745098  0.99215686 0.90980392
 0.80392157 0.78039216 0.71372549 0.66666667 0.59215686 0.58039216
 0.50980392 0.49803922 0.44705882 0.43529412 0.41176471 0.37647059
 0.36862745 0.38039216 0.35686275 0.34509804 0.31372549 0.3254902
 0.30980392 0.34509804 0.31764706 0.31764706 0.30196078 0.31372549
 0.2745098  0.29803922 0.28235294 0.31764706 0.25098039 0.28627451
 0.26666667 0.26666667 0.29411765 0.32941176 0.31372549 0.34901961
 0.30196078 0.31372549 0.31372549 0.31372549]
[0.30196078 0.31372549 0.29411765 0.30588235 0.2745098  0.32156863
 0.26666667 0.31372549 0.27058824 0.29411765 0.2627451  0.2745098
 0.28627451 0.29803922 0.24705882 0.25882353 0.22745098 0.21568627
 0.22352941 0.22352941 0.24313725 0.25490196 0.24705882 0.28235294
 0.27843137 0.3254902  0.37647059 0.48235294 0.5372549  0.65490196
 0.72156863 0.85098039 0.90588235 0.04313725 0.13333333 0.25098039
 0.32941176 0.43529412 0.49411765 0.58823529 0.5372549  0.60784314
 0.60784314 0.58431373 0.45490196 0.3254902  0.11764706 0.8627451
 0.63921569 0.55686275 0.57254902 0.65490196 0.69411765 0.71764706
 0.72156863 0.72156863 0.76862745 0.88627451 0.97254902 0.03921569
 0.08627451 0.20392157 0.06666667 0.97647059 0.03137255 0.05490196
 0.03921569 0.03921569 0.05490196 1.        ]
[0.96470588 0.97647059 0.94117647 0.95294118 0.01568627 0.03921569
 0.18431373 0.46666667 0.7372549  0.9372549  0.96470588 0.03137255
 0.0745098  0.13333333 0.15294118 0.18823529 0.2        0.18823529
 0.20392157 0.19215686 0.23921569 0.2745098  0.21176471 0.23529412
 0.22352941 0.24705882 0.23529412 0.23529412 0.22745098 0.23921569
 0.27843137 0.24313725 0.22352941 0.21176471 0.8745098  0.10588235
 0.56470588 0.6745098  0.50196078 0.38431373 0.43137255 0.45490196
 0.56862745 0.35294118 0.94901961 0.47843137 0.40392157 0.38039216
 0.38431373 0.39607843 0.36470588 0.42352941 0.41960784 0.41960784
 0.44313725 0.49019608 0.48627451 0.41568627 0.37254902 0.38431373
 0.34117647 0.34117647 0.3372549  0.36078431 0.34901961 0.37254902
 0.37647059 0.4        0.37254902 0.36078431]
[0.37254902 0.37254902 0.34901961 0.37254902 0.35686275 0.36862745
 0.35686275 0.38039216 0.34901961 0.36078431 0.35686275 0.35686275
 0.35686275 0.40392157 0.50588235 0.61176471 0.59215686 0.60392157
 0.6745098  0.8745098  0.98823529 0.1372549  0.09019608 0.97647059
 0.90196078 0.97254902 0.02352941 0.02352941 0.95686275 0.89803922
 0.90980392 0.92156863 0.89411765 0.88235294 0.82352941 0.64705882
 0.50588235 0.44705882 0.41960784 0.44313725 0.48235294 0.48235294
 0.47843137 0.50196078 0.5254902  0.54901961 0.52941176 0.57647059
 0.58431373 0.5372549  0.50588235 0.48235294 0.50980392 0.72156863
 0.00784314 0.19607843 0.43529412 0.58823529 0.6627451  0.76862745
 0.72941176 0.78823529 0.84705882 0.87058824 0.91764706 0.97647059
 0.03529412 0.08235294 0.07843137 0.1372549 ]
[0.20392157 0.20392157 0.15686275 0.96078431 0.52941176 0.93333333
 0.60392157 0.52156863 0.57254902 0.7254902  0.8745098  0.
 0.05098039 0.08627451 0.         0.85098039 0.77647059 0.67058824
 0.65098039 0.55686275 0.45490196 0.39607843 0.38431373 0.54901961
 0.67058824 0.87058824 0.04313725 0.30196078 0.54117647 0.72941176
 0.9372549  0.09803922 0.21176471 0.29411765 0.33333333 0.32156863
 0.36470588 0.31764706 0.30980392 0.30980392 0.37254902 0.3372549
 0.35686275 0.33333333 0.36470588 0.30588235 0.35294118 0.36470588
 0.38431373 0.34901961 0.38431373 0.39607843 0.41960784 0.38431373
 0.37254902 0.36078431 0.4        0.36470588 0.41960784 0.39607843
 0.40392157 0.2627451  0.0627451  0.65490196 0.28235294 0.15294118
 0.69411765 0.45882353 0.44705882 0.49411765]
3
nf= 38986
loop 1
Progress:  0.0025650233417124097  done after  2019-03-24 11:03:13.947879
3
3
nf= 38986
loop 1
Progress:  0.0025650233417124097  done after  2019-03-24 11:08:26.549291
3
(40, 70)
3
nf= 38986
loop 1
Progress:  0.0025650233417124097  done after  2019-03-24 11:12:04.741813
3
[0. 0. 0. ... 0. 0. 0.]
(40, 70)
3
harmonics: [1]
nf= 38986
loop 1
Progress:  0.0025650233417124097  done after  2019-03-24 11:15:45.723329
3
harmonics: [1]
[0. 0. 0. ... 0. 0. 0.]
(40, 70)
3
harmonics: [1]
nf= 38986
loop 1
Progress:  0.0025650233417124097  done after  2019-03-24 11:16:23.563417
3
harmonics: [1]
[0. 0. 0. ... 0. 0. 0.]
(40, 70)
(40, 70)
loop 2
3
harmonics: [1]
[0. 0. 0. ... 0. 0. 0.]
(40, 70)
(40, 70)
loop 3
3
harmonics: [1]
[0. 0. 0. ... 0. 0. 0.]
(40, 70)
(40, 70)
loop 4
3
harmonics: [1]
[0. 0. 0. ... 0. 0. 0.]
(40, 70)
(40, 70)
loop 5
3
harmonics: [1]
[0. 0. 0. ... 0. 0. 0.]
(40, 70)
(40, 70)
loop 6
3
harmonics: [1]
[0. 0. 0. ... 0. 0. 0.]
(40, 70)
(40, 70)
loop 7
3
harmonics: [1]
[0. 0. 0. ... 0. 0. 0.]
(40, 70)
(40, 70)
loop 8
3
harmonics: [1]
[0. 0. 0. ... 0. 0. 0.]
(40, 70)
(40, 70)
loop 9
3
harmonics: [1]
[0. 0. 0. ... 0. 0. 0.]
(40, 70)
(40, 70)
loop 10
3
harmonics: [1]
[0. 0. 0. ... 0. 0. 0.]
(40, 70)
(40, 70)
loop 11
3
harmonics: [1]
[0. 0. 0. ... 0. 0. 0.]
(40, 70)
(40, 70)
loop 12
3
harmonics: [1]
[0. 0. 0. ... 0. 0. 0.]
(40, 70)
(40, 70)
loop 13
3
harmonics: [1]
[0. 0. 0. ... 0. 0. 0.]
(40, 70)
(40, 70)
loop 14
3
harmonics: [1]
[0. 0. 0. ... 0. 0. 0.]
(40, 70)
(40, 70)
loop 15
3
harmonics: [1]
[0. 0. 0. ... 0. 0. 0.]
(40, 70)
(40, 70)
loop 16
3
harmonics: [1]
[ 0.         -3.14159265  0.         ...  0.          0.
  0.        ]
(40, 70)
(40, 70)
loop 17
3
harmonics: [1]
[ 0.          0.         -3.14159265 ...  0.          0.
  0.        ]
(40, 70)
(40, 70)
loop 18
3
harmonics: [1]
[0. 0. 0. ... 0. 0. 0.]
(40, 70)
(40, 70)
loop 19
3
harmonics: [1]
[0. 0. 0. ... 0. 0. 0.]
(40, 70)
(40, 70)
loop 20
3
harmonics: [1]
[0. 0. 0. ... 0. 0. 0.]
(40, 70)
(40, 70)
loop 21
3
harmonics: [1]
[0. 0. 0. ... 0. 0. 0.]
(40, 70)
(40, 70)
loop 22
3
harmonics: [1]
[0. 0. 0. ... 0. 0. 0.]
(40, 70)
(40, 70)
loop 23
3
harmonics: [1]
[0. 0. 0. ... 0. 0. 0.]
(40, 70)
(40, 70)
loop 24
3
harmonics: [1]
[0. 0. 0. ... 0. 0. 0.]
(40, 70)
(40, 70)
loop 25
3
harmonics: [1]
[0. 0. 0. ... 0. 0. 0.]
(40, 70)
(40, 70)
loop 26
3
harmonics: [1]
[0. 0. 0. ... 0. 0. 0.]
(40, 70)
(40, 70)
loop 27
3
harmonics: [1]
[0. 0. 0. ... 0. 0. 0.]
(40, 70)
(40, 70)
loop 28
3
harmonics: [1]
[0. 0. 0. ... 0. 0. 0.]
(40, 70)
(40, 70)
loop 29
3
harmonics: [1]
[0. 0. 0. ... 0. 0. 0.]
(40, 70)
(40, 70)
loop 30
3
harmonics: [1]
[0. 0. 0. ... 0. 0. 0.]
(40, 70)
(40, 70)
loop 31
3
harmonics: [1]
[0. 0. 0. ... 0. 0. 0.]
(40, 70)
(40, 70)
loop 32
3
harmonics: [1]
[0. 0. 0. ... 0. 0. 0.]
(40, 70)
(40, 70)
loop 33
3
harmonics: [1]
[0. 0. 0. ... 0. 0. 0.]
(40, 70)
(40, 70)
loop 34
3
harmonics: [1]
[ 0.         -3.14159265  0.         ...  0.          0.
  0.        ]
(40, 70)
(40, 70)
loop 35
3
harmonics: [1]
[ 0.          0.         -3.14159265 ...  0.          0.
  0.        ]
(40, 70)
(40, 70)
loop 36
3
harmonics: [1]
[ 0.          0.         -3.14159265 ...  0.          0.
  0.        ]
(40, 70)
(40, 70)
loop 37
3
harmonics: [1]
[0. 0. 0. ... 0. 0. 0.]
(40, 70)
(40, 70)
loop 38
3
harmonics: [1]
[0. 0. 0. ... 0. 0. 0.]
(40, 70)
(40, 70)
loop 39
3
harmonics: [1]
[0. 0. 0. ... 0. 0. 0.]
(40, 70)
(40, 70)
loop 40
3
harmonics: [1]
[0. 0. 0. ... 0. 0. 0.]
(40, 70)
(40, 70)
loop 41
3
harmonics: [1]
[0. 0. 0. ... 0. 0. 0.]
(40, 70)
(40, 70)
loop 42
3
harmonics: [1]
[0. 0. 0. ... 0. 0. 0.]
(40, 70)
(40, 70)
loop 43
3
harmonics: [1]
[0. 0. 0. ... 0. 0. 0.]
(40, 70)
(40, 70)
loop 44
3
harmonics: [1]
[0. 0. 0. ... 0. 0. 0.]
(40, 70)
(40, 70)
loop 45
3
harmonics: [1]
[0. 0. 0. ... 0. 0. 0.]
(40, 70)
(40, 70)
loop 46
3
harmonics: [1]
[0. 0. 0. ... 0. 0. 0.]
(40, 70)
(40, 70)
loop 47
3
harmonics: [1]
[0. 0. 0. ... 0. 0. 0.]
(40, 70)
(40, 70)
loop 48
3
harmonics: [1]
[0. 0. 0. ... 0. 0. 0.]
(40, 70)
(40, 70)
loop 49
3
harmonics: [1]
[0. 0. 0. ... 0. 0. 0.]
(40, 70)
(40, 70)
loop 50
3
harmonics: [1]
[0. 0. 0. ... 0. 0. 0.]
(40, 70)
(40, 70)
loop 51
3
harmonics: [1]
[0. 0. 0. ... 0. 0. 0.]
(40, 70)
(40, 70)
loop 52
3
harmonics: [1]
[ 0.         -3.14159265  0.         ...  0.          0.
  0.        ]
(40, 70)
(40, 70)
loop 53
3
harmonics: [1]
[ 0.          0.         -3.14159265 ...  0.          0.
  0.        ]
(40, 70)
(40, 70)
loop 54
3
harmonics: [1]
[ 0.         -3.14159265  0.         ...  0.          0.
  0.        ]
(40, 70)
(40, 70)
loop 55
3
harmonics: [1]
[ 0.         -3.14159265  0.         ...  0.          0.
  0.        ]
(40, 70)
(40, 70)
loop 56
3
harmonics: [1]
[0. 0. 0. ... 0. 0. 0.]
(40, 70)
(40, 70)
loop 57
3
harmonics: [1]
[0. 0. 0. ... 0. 0. 0.]
(40, 70)
(40, 70)
loop 58
3
harmonics: [1]
[0. 0. 0. ... 0. 0. 0.]
(40, 70)
(40, 70)
loop 59
3
harmonics: [1]
[0. 0. 0. ... 0. 0. 0.]
(40, 70)
(40, 70)
loop 60
3
harmonics: [1]
[0. 0. 0. ... 0. 0. 0.]
(40, 70)
(40, 70)
loop 61
3
harmonics: [1]
[0. 0. 0. ... 0. 0. 0.]
(40, 70)
(40, 70)
loop 62
3
harmonics: [1]
[0. 0. 0. ... 0. 0. 0.]
(40, 70)
(40, 70)
loop 63
3
harmonics: [1]
[0. 0. 0. ... 0. 0. 0.]
(40, 70)
(40, 70)
loop 64
3
harmonics: [1]
[0. 0. 0. ... 0. 0. 0.]
(40, 70)
(40, 70)
loop 65
3
harmonics: [1]
[0. 0. 0. ... 0. 0. 0.]
(40, 70)
(40, 70)
loop 66
3
harmonics: [1]
[0. 0. 0. ... 0. 0. 0.]
(40, 70)
(40, 70)
loop 67
3
harmonics: [1]
[0. 0. 0. ... 0. 0. 0.]
(40, 70)
(40, 70)
loop 68
3
harmonics: [1]
[0. 0. 0. ... 0. 0. 0.]
(40, 70)
(40, 70)
loop 69
3
harmonics: [1]
[0. 0. 0. ... 0. 0. 0.]
(40, 70)
(40, 70)
loop 70
3
harmonics: [1]
[ 0.          0.         -3.14159265 ...  0.          0.
  0.        ]
(40, 70)
(40, 70)
loop 71
3
harmonics: [1]
[ 0.         -3.14159265  0.         ...  0.          0.
  0.        ]
(40, 70)
(40, 70)
loop 72
3
harmonics: [1]
[ 0.         -3.14159265  0.         ...  0.          0.
  0.        ]
(40, 70)
(40, 70)
loop 73
3
harmonics: [1]
[ 0.          0.         -3.14159265 ...  0.          0.
  0.        ]
(40, 70)
(40, 70)
loop 74
3
harmonics: [1]
[0. 0. 0. ... 0. 0. 0.]
(40, 70)
(40, 70)
loop 75
3
harmonics: [1]
[0. 0. 0. ... 0. 0. 0.]
(40, 70)
(40, 70)
loop 76
3
harmonics: [1]
[0. 0. 0. ... 0. 0. 0.]
(40, 70)
(40, 70)
loop 77
3
harmonics: [1]
[0. 0. 0. ... 0. 0. 0.]
(40, 70)
(40, 70)
loop 78
3
harmonics: [1]
[0. 0. 0. ... 0. 0. 0.]
(40, 70)
(40, 70)
loop 79
3
harmonics: [1]
[0. 0. 0. ... 0. 0. 0.]
(40, 70)
(40, 70)
loop 80
3
harmonics: [1]
[0. 0. 0. ... 0. 0. 0.]
(40, 70)
(40, 70)
loop 81
3
harmonics: [1]
[0. 0. 0. ... 0. 0. 0.]
(40, 70)
(40, 70)
loop 82
3
harmonics: [1]
[0. 0. 0. ... 0. 0. 0.]
(40, 70)
(40, 70)
loop 83
3
harmonics: [1]
[0. 0. 0. ... 0. 0. 0.]
(40, 70)
(40, 70)
loop 84
3
harmonics: [1]
[0. 0. 0. ... 0. 0. 0.]
(40, 70)
(40, 70)
loop 85
3
harmonics: [1]
[0. 0. 0. ... 0. 0. 0.]
(40, 70)
(40, 70)
loop 86
3
harmonics: [1]
[0. 0. 0. ... 0. 0. 0.]
(40, 70)
(40, 70)
loop 87
3
harmonics: [1]
[0. 0. 0. ... 0. 0. 0.]
(40, 70)
(40, 70)
loop 88
3
harmonics: [1]
[ 0.         -3.14159265  0.         ...  0.          0.
  0.        ]
(40, 70)
(40, 70)
loop 89
3
harmonics: [1]
[ 0.          0.         -3.14159265 ...  0.          0.
  0.        ]
(40, 70)
(40, 70)
loop 90
3
harmonics: [1]
[ 0.          0.         -3.14159265 ...  0.          0.
  0.        ]
(40, 70)
(40, 70)
loop 91
3
harmonics: [1]
[0. 0. 0. ... 0. 0. 0.]
(40, 70)
(40, 70)
loop 92
3
harmonics: [1]
[0. 0. 0. ... 0. 0. 0.]
(40, 70)
(40, 70)
loop 93
3
harmonics: [1]
[0. 0. 0. ... 0. 0. 0.]
(40, 70)
(40, 70)
loop 94
3
harmonics: [1]
[0. 0. 0. ... 0. 0. 0.]
(40, 70)
(40, 70)
loop 95
3
harmonics: [1]
[0. 0. 0. ... 0. 0. 0.]
(40, 70)
(40, 70)
loop 96
3
harmonics: [1]
[0. 0. 0. ... 0. 0. 0.]
(40, 70)
(40, 70)
loop 97
3
harmonics: [1]
[0. 0. 0. ... 0. 0. 0.]
(40, 70)
(40, 70)
loop 98
3
harmonics: [1]
[0. 0. 0. ... 0. 0. 0.]
(40, 70)
(40, 70)
loop 99
3
harmonics: [1]
[0. 0. 0. ... 0. 0. 0.]
(40, 70)
(40, 70)
loop 100
3
harmonics: [1]
[0. 0. 0. ... 0. 0. 0.]
(40, 70)
(40, 70)
loop 101
3
harmonics: [1]
[0. 0. 0. ... 0. 0. 0.]
(40, 70)
(40, 70)
loop 102
3
harmonics: [1]
[0. 0. 0. ... 0. 0. 0.]
(40, 70)
(40, 70)
loop 103
3
harmonics: [1]
[0. 0. 0. ... 0. 0. 0.]
(40, 70)
(40, 70)
loop 104
3
harmonics: [1]
[0. 0. 0. ... 0. 0. 0.]
(40, 70)
(40, 70)
loop 105
3
harmonics: [1]
[0. 0. 0. ... 0. 0. 0.]
(40, 70)
(40, 70)
loop 106
3
harmonics: [1]
[0. 0. 0. ... 0. 0. 0.]
(40, 70)
(40, 70)
loop 107
3
harmonics: [1]
[0. 0. 0. ... 0. 0. 0.]
(40, 70)
(40, 70)
loop 108
3
harmonics: [1]
[ 0.         -3.14159265 -3.14159265 ...  0.          0.
  0.        ]
(40, 70)
(40, 70)
loop 109
3
harmonics: [1]
[ 0.          0.         -3.14159265 ...  0.          0.
  0.        ]
(40, 70)
(40, 70)
loop 110
3
harmonics: [1]
[0. 0. 0. ... 0. 0. 0.]
(40, 70)
(40, 70)
loop 111
3
harmonics: [1]
[0. 0. 0. ... 0. 0. 0.]
(40, 70)
(40, 70)
loop 112
3
harmonics: [1]
[0. 0. 0. ... 0. 0. 0.]
(40, 70)
(40, 70)
loop 113
3
harmonics: [1]
[0. 0. 0. ... 0. 0. 0.]
(40, 70)
(40, 70)
loop 114
3
harmonics: [1]
[0. 0. 0. ... 0. 0. 0.]
(40, 70)
(40, 70)
loop 115
3
harmonics: [1]
[0. 0. 0. ... 0. 0. 0.]
(40, 70)
(40, 70)
loop 116
3
harmonics: [1]
[0. 0. 0. ... 0. 0. 0.]
(40, 70)
(40, 70)
loop 117
3
harmonics: [1]
[0. 0. 0. ... 0. 0. 0.]
(40, 70)
(40, 70)
loop 118
3
harmonics: [1]
[0. 0. 0. ... 0. 0. 0.]
(40, 70)
(40, 70)
loop 119
3
harmonics: [1]
[0. 0. 0. ... 0. 0. 0.]
(40, 70)
(40, 70)
loop 120
3
harmonics: [1]
[0. 0. 0. ... 0. 0. 0.]
(40, 70)
(40, 70)
loop 121
3
harmonics: [1]
[0. 0. 0. ... 0. 0. 0.]
(40, 70)
(40, 70)
loop 122
3
harmonics: [1]
[0. 0. 0. ... 0. 0. 0.]
(40, 70)
(40, 70)
loop 123
3
harmonics: [1]
[0. 0. 0. ... 0. 0. 0.]
(40, 70)
(40, 70)
loop 124
3
harmonics: [1]
[0. 0. 0. ... 0. 0. 0.]
(40, 70)
(40, 70)
loop 125
3
harmonics: [1]
[0. 0. 0. ... 0. 0. 0.]
(40, 70)
(40, 70)
loop 126
3
harmonics: [1]
[ 0.          0.         -3.14159265 ...  0.          0.
  0.        ]
(40, 70)
(40, 70)
loop 127
3
harmonics: [1]
[ 0.         -3.14159265  0.         ...  0.          0.
  0.        ]
(40, 70)
(40, 70)
loop 128
3
harmonics: [1]
[ 0.          0.         -3.14159265 ...  0.          0.
  0.        ]
(40, 70)
(40, 70)
loop 129
3
harmonics: [1]
[0. 0. 0. ... 0. 0. 0.]
(40, 70)
(40, 70)
loop 130
3
harmonics: [1]
[0. 0. 0. ... 0. 0. 0.]
(40, 70)
(40, 70)
loop 131
3
harmonics: [1]
[0. 0. 0. ... 0. 0. 0.]
(40, 70)
(40, 70)
loop 132
3
harmonics: [1]
[0. 0. 0. ... 0. 0. 0.]
(40, 70)
(40, 70)
loop 133
3
harmonics: [1]
[0. 0. 0. ... 0. 0. 0.]
(40, 70)
(40, 70)
loop 134
3
harmonics: [1]
[0. 0. 0. ... 0. 0. 0.]
(40, 70)
(40, 70)
loop 135
3
harmonics: [1]
[0. 0. 0. ... 0. 0. 0.]
(40, 70)
(40, 70)
loop 136
3
harmonics: [1]
[0. 0. 0. ... 0. 0. 0.]
(40, 70)
(40, 70)
loop 137
3
harmonics: [1]
[0. 0. 0. ... 0. 0. 0.]
(40, 70)
(40, 70)
loop 138
3
harmonics: [1]
[0. 0. 0. ... 0. 0. 0.]
(40, 70)
(40, 70)
loop 139
3
harmonics: [1]
[0. 0. 0. ... 0. 0. 0.]
(40, 70)
(40, 70)
loop 140
3
harmonics: [1]
[0. 0. 0. ... 0. 0. 0.]
(40, 70)
(40, 70)
loop 141
3
harmonics: [1]
[0. 0. 0. ... 0. 0. 0.]
(40, 70)
(40, 70)
loop 142
3
harmonics: [1]
[0. 0. 0. ... 0. 0. 0.]
(40, 70)
(40, 70)
loop 143
3
harmonics: [1]
[0. 0. 0. ... 0. 0. 0.]
(40, 70)
(40, 70)
loop 144
3
harmonics: [1]
[ 0.         -3.14159265  0.         ...  0.          0.
  0.        ]
(40, 70)
(40, 70)
loop 145
3
harmonics: [1]
[ 0.          0.         -3.14159265 ...  0.          0.
  0.        ]
(40, 70)
(40, 70)
loop 146
3
harmonics: [1]
[ 0.          0.         -3.14159265 ...  0.          0.
  0.        ]
(40, 70)
(40, 70)
loop 147
3
harmonics: [1]
[0. 0. 0. ... 0. 0. 0.]
(40, 70)
(40, 70)
loop 148
3
harmonics: [1]
[0. 0. 0. ... 0. 0. 0.]
(40, 70)
(40, 70)
loop 149
3
harmonics: [1]
[0. 0. 0. ... 0. 0. 0.]
(40, 70)
(40, 70)
loop 150
3
harmonics: [1]
[0. 0. 0. ... 0. 0. 0.]
(40, 70)
(40, 70)
loop 151
3
harmonics: [1]
[0. 0. 0. ... 0. 0. 0.]
(40, 70)
(40, 70)
loop 152
3
harmonics: [1]
[0. 0. 0. ... 0. 0. 0.]
(40, 70)
(40, 70)
loop 153
3
harmonics: [1]
[0. 0. 0. ... 0. 0. 0.]
(40, 70)
(40, 70)
loop 154
3
harmonics: [1]
[0. 0. 0. ... 0. 0. 0.]
(40, 70)
(40, 70)
loop 155
3
harmonics: [1]
[0. 0. 0. ... 0. 0. 0.]
(40, 70)
(40, 70)
loop 156
3
harmonics: [1]
[0. 0. 0. ... 0. 0. 0.]
(40, 70)
(40, 70)
loop 157
3
harmonics: [1]
[0. 0. 0. ... 0. 0. 0.]
(40, 70)
(40, 70)
loop 158
3
harmonics: [1]
[0. 0. 0. ... 0. 0. 0.]
(40, 70)
(40, 70)
loop 159
3
harmonics: [1]
[0. 0. 0. ... 0. 0. 0.]
(40, 70)
(40, 70)
loop 160
3
harmonics: [1]
[0. 0. 0. ... 0. 0. 0.]
(40, 70)
(40, 70)
loop 161
3
harmonics: [1]
[0. 0. 0. ... 0. 0. 0.]
(40, 70)
(40, 70)
loop 162
3
harmonics: [1]
[0. 0. 0. ... 0. 0. 0.]
(40, 70)
(40, 70)
loop 163
3
harmonics: [1]
[ 0.         -3.14159265  0.         ...  0.          0.
  0.        ]
(40, 70)
(40, 70)
loop 164
3
harmonics: [1]
[ 0.          0.         -3.14159265 ...  0.          0.
  0.        ]
(40, 70)
(40, 70)
loop 165
3
harmonics: [1]
[0. 0. 0. ... 0. 0. 0.]
(40, 70)
(40, 70)
loop 166
3
harmonics: [1]
[0. 0. 0. ... 0. 0. 0.]
(40, 70)
(40, 70)
loop 167
3
harmonics: [1]
[0. 0. 0. ... 0. 0. 0.]
(40, 70)
(40, 70)
loop 168
3
harmonics: [1]
[0. 0. 0. ... 0. 0. 0.]
(40, 70)
(40, 70)
loop 169
3
harmonics: [1]
[0. 0. 0. ... 0. 0. 0.]
(40, 70)
(40, 70)
loop 170
3
harmonics: [1]
[0. 0. 0. ... 0. 0. 0.]
(40, 70)
(40, 70)
loop 171
3
harmonics: [1]
[0. 0. 0. ... 0. 0. 0.]
(40, 70)
(40, 70)
loop 172
3
harmonics: [1]
[0. 0. 0. ... 0. 0. 0.]
(40, 70)
(40, 70)
loop 173
3
harmonics: [1]
[0. 0. 0. ... 0. 0. 0.]
(40, 70)
(40, 70)
loop 174
3
harmonics: [1]
[0. 0. 0. ... 0. 0. 0.]
(40, 70)
(40, 70)
loop 175
3
harmonics: [1]
[0. 0. 0. ... 0. 0. 0.]
(40, 70)
(40, 70)
loop 176
3
harmonics: [1]
[0. 0. 0. ... 0. 0. 0.]
(40, 70)
(40, 70)
loop 177
3
harmonics: [1]
[0. 0. 0. ... 0. 0. 0.]
(40, 70)
(40, 70)
loop 178
3
harmonics: [1]
[0. 0. 0. ... 0. 0. 0.]
(40, 70)
(40, 70)
loop 179
3
harmonics: [1]
[0. 0. 0. ... 0. 0. 0.]
(40, 70)
(40, 70)
loop 180
3
harmonics: [1]
[ 0.         -3.14159265  0.         ...  0.          0.
  0.        ]
(40, 70)
(40, 70)
loop 181
3
harmonics: [1]
[ 0.          0.         -3.14159265 ...  0.          0.
  0.        ]
(40, 70)
(40, 70)
loop 182
3
harmonics: [1]
[ 0.         -3.14159265  0.         ...  0.          0.
  0.        ]
(40, 70)
(40, 70)
loop 183
3
harmonics: [1]
[ 0.         -3.14159265  0.         ...  0.          0.
  0.        ]
(40, 70)
(40, 70)
loop 184
3
harmonics: [1]
[0. 0. 0. ... 0. 0. 0.]
(40, 70)
(40, 70)
loop 185
3
harmonics: [1]
[0. 0. 0. ... 0. 0. 0.]
(40, 70)
(40, 70)
loop 186
3
harmonics: [1]
[0. 0. 0. ... 0. 0. 0.]
(40, 70)
(40, 70)
loop 187
3
harmonics: [1]
[0. 0. 0. ... 0. 0. 0.]
(40, 70)
(40, 70)
loop 188
3
harmonics: [1]
[0. 0. 0. ... 0. 0. 0.]
(40, 70)
(40, 70)
loop 189
3
harmonics: [1]
[0. 0. 0. ... 0. 0. 0.]
(40, 70)
(40, 70)
loop 190
3
harmonics: [1]
[0. 0. 0. ... 0. 0. 0.]
(40, 70)
(40, 70)
loop 191
3
harmonics: [1]
[0. 0. 0. ... 0. 0. 0.]
(40, 70)
(40, 70)
loop 192
3
harmonics: [1]
[0. 0. 0. ... 0. 0. 0.]
(40, 70)
(40, 70)
loop 193
3
harmonics: [1]
[0. 0. 0. ... 0. 0. 0.]
(40, 70)
(40, 70)
loop 194
3
harmonics: [1]
[0. 0. 0. ... 0. 0. 0.]
(40, 70)
(40, 70)
loop 195
3
harmonics: [1]
[0. 0. 0. ... 0. 0. 0.]
(40, 70)
(40, 70)
loop 196
3
harmonics: [1]
[0. 0. 0. ... 0. 0. 0.]
(40, 70)
(40, 70)
loop 197
3
harmonics: [1]
[0. 0. 0. ... 0. 0. 0.]
(40, 70)
(40, 70)
loop 198
3
harmonics: [1]
[ 0.         -3.14159265  0.         ...  0.          0.
  0.        ]
(40, 70)
(40, 70)
loop 199
3
harmonics: [1]
[ 0.         -3.14159265  0.         ...  0.          0.
  0.        ]
(40, 70)
(40, 70)
loop 200
3
harmonics: [1]
[ 0.          0.         -3.14159265 ...  0.          0.
  0.        ]
(40, 70)
(40, 70)
loop 201
3
harmonics: [1]
[ 0.          0.         -3.14159265 ...  0.          0.
  0.        ]
(40, 70)
(40, 70)
loop 202
3
harmonics: [1]
[ 0.         -3.14159265  0.         ...  0.          0.
  0.        ]
(40, 70)
(40, 70)
loop 203
3
harmonics: [1]
[ 0.         -3.14159265  0.         ...  0.          0.
  0.        ]
(40, 70)
(40, 70)
loop 204
3
harmonics: [1]
[0. 0. 0. ... 0. 0. 0.]
(40, 70)
(40, 70)
loop 205
3
harmonics: [1]
[0. 0. 0. ... 0. 0. 0.]
(40, 70)
(40, 70)
loop 206
3
harmonics: [1]
[0. 0. 0. ... 0. 0. 0.]
(40, 70)
(40, 70)
loop 207
3
harmonics: [1]
[0. 0. 0. ... 0. 0. 0.]
(40, 70)
(40, 70)
loop 208
3
harmonics: [1]
[0. 0. 0. ... 0. 0. 0.]
(40, 70)
(40, 70)
loop 209
3
harmonics: [1]
[0. 0. 0. ... 0. 0. 0.]
(40, 70)
(40, 70)
loop 210
3
harmonics: [1]
[0. 0. 0. ... 0. 0. 0.]
(40, 70)
(40, 70)
loop 211
3
harmonics: [1]
[0. 0. 0. ... 0. 0. 0.]
(40, 70)
(40, 70)
loop 212
3
harmonics: [1]
[0. 0. 0. ... 0. 0. 0.]
(40, 70)
(40, 70)
loop 213
3
harmonics: [1]
[0. 0. 0. ... 0. 0. 0.]
(40, 70)
(40, 70)
loop 214
3
harmonics: [1]
[0. 0. 0. ... 0. 0. 0.]
(40, 70)
(40, 70)
loop 215
3
harmonics: [1]
[0. 0. 0. ... 0. 0. 0.]
(40, 70)
(40, 70)
loop 216
3
harmonics: [1]
[0. 0. 0. ... 0. 0. 0.]
(40, 70)
(40, 70)
loop 217
3
harmonics: [1]
[ 0.         -3.14159265  0.         ...  0.          0.
  0.        ]
(40, 70)
(40, 70)
loop 218
3
harmonics: [1]
[ 0.          0.         -3.14159265 ...  0.          0.
  0.        ]
(40, 70)
(40, 70)
loop 219
3
harmonics: [1]
[0. 0. 0. ... 0. 0. 0.]
(40, 70)
(40, 70)
loop 220
3
harmonics: [1]
[ 0.         -3.14159265  0.         ...  0.          0.
  0.        ]
(40, 70)
(40, 70)
loop 221
3
harmonics: [1]
[ 0.         -3.14159265  0.         ...  0.          0.
  0.        ]
(40, 70)
(40, 70)
loop 222
3
harmonics: [1]
[0. 0. 0. ... 0. 0. 0.]
(40, 70)
(40, 70)
loop 223
3
harmonics: [1]
[0. 0. 0. ... 0. 0. 0.]
(40, 70)
(40, 70)
loop 224
3
harmonics: [1]
[0. 0. 0. ... 0. 0. 0.]
(40, 70)
(40, 70)
loop 225
3
harmonics: [1]
[0. 0. 0. ... 0. 0. 0.]
(40, 70)
(40, 70)
loop 226
3
harmonics: [1]
[0. 0. 0. ... 0. 0. 0.]
(40, 70)
(40, 70)
loop 227
3
harmonics: [1]
[0. 0. 0. ... 0. 0. 0.]
(40, 70)
(40, 70)
loop 228
3
harmonics: [1]
[0. 0. 0. ... 0. 0. 0.]
(40, 70)
(40, 70)
loop 229
3
harmonics: [1]
[0. 0. 0. ... 0. 0. 0.]
(40, 70)
(40, 70)
loop 230
3
harmonics: [1]
[0. 0. 0. ... 0. 0. 0.]
(40, 70)
(40, 70)
loop 231
3
harmonics: [1]
[0. 0. 0. ... 0. 0. 0.]
(40, 70)
(40, 70)
loop 232
3
harmonics: [1]
[0. 0. 0. ... 0. 0. 0.]
(40, 70)
(40, 70)
loop 233
3
harmonics: [1]
[0. 0. 0. ... 0. 0. 0.]
(40, 70)
(40, 70)
loop 234
3
harmonics: [1]
[0. 0. 0. ... 0. 0. 0.]
(40, 70)
(40, 70)
loop 235
3
harmonics: [1]
[ 0.          0.         -3.14159265 ...  0.          0.
  0.        ]
(40, 70)
(40, 70)
loop 236
3
harmonics: [1]
[0. 0. 0. ... 0. 0. 0.]
(40, 70)
(40, 70)
loop 237
3
harmonics: [1]
[ 0.          0.         -3.14159265 ...  0.          0.
  0.        ]
(40, 70)
(40, 70)
loop 238
3
harmonics: [1]
[ 0.         -3.14159265  0.         ...  0.          0.
  0.        ]
(40, 70)
(40, 70)
loop 239
3
harmonics: [1]
[ 0.         -3.14159265  0.         ...  0.          0.
  0.        ]
(40, 70)
(40, 70)
loop 240
3
harmonics: [1]
[0. 0. 0. ... 0. 0. 0.]
(40, 70)
(40, 70)
loop 241
3
harmonics: [1]
[0. 0. 0. ... 0. 0. 0.]
(40, 70)
(40, 70)
loop 242
3
harmonics: [1]
[0. 0. 0. ... 0. 0. 0.]
(40, 70)
(40, 70)
loop 243
3
harmonics: [1]
[0. 0. 0. ... 0. 0. 0.]
(40, 70)
(40, 70)
loop 244
3
harmonics: [1]
[0. 0. 0. ... 0. 0. 0.]
(40, 70)
(40, 70)
loop 245
3
harmonics: [1]
[0. 0. 0. ... 0. 0. 0.]
(40, 70)
(40, 70)
loop 246
3
harmonics: [1]
[0. 0. 0. ... 0. 0. 0.]
(40, 70)
(40, 70)
loop 247
3
harmonics: [1]
[0. 0. 0. ... 0. 0. 0.]
(40, 70)
(40, 70)
loop 248
3
harmonics: [1]
[0. 0. 0. ... 0. 0. 0.]
(40, 70)
(40, 70)
loop 249
3
harmonics: [1]
[0. 0. 0. ... 0. 0. 0.]
(40, 70)
(40, 70)
loop 250
3
harmonics: [1]
[0. 0. 0. ... 0. 0. 0.]
(40, 70)
(40, 70)
loop 251
3
harmonics: [1]
[0. 0. 0. ... 0. 0. 0.]
(40, 70)
(40, 70)
loop 252
3
harmonics: [1]
[0. 0. 0. ... 0. 0. 0.]
(40, 70)
(40, 70)
loop 253
3
harmonics: [1]
[0. 0. 0. ... 0. 0. 0.]
(40, 70)
(40, 70)
loop 254
3
harmonics: [1]
[0. 0. 0. ... 0. 0. 0.]
(40, 70)
(40, 70)
loop 255
3
harmonics: [1]
[ 0.         -3.14159265  0.         ...  0.          0.
  0.        ]
(40, 70)
(40, 70)
loop 256
3
harmonics: [1]
[ 0.         -3.14159265  0.         ...  0.          0.
  0.        ]
(40, 70)
(40, 70)
loop 257
3
harmonics: [1]
[ 0.         -3.14159265  0.         ...  0.          0.
  0.        ]
(40, 70)
(40, 70)
loop 258
3
harmonics: [1]
[0. 0. 0. ... 0. 0. 0.]
(40, 70)
(40, 70)
loop 259
3
harmonics: [1]
[0. 0. 0. ... 0. 0. 0.]
(40, 70)
(40, 70)
loop 260
3
harmonics: [1]
[0. 0. 0. ... 0. 0. 0.]
(40, 70)
(40, 70)
loop 261
3
harmonics: [1]
[0. 0. 0. ... 0. 0. 0.]
(40, 70)
(40, 70)
loop 262
3
harmonics: [1]
[0. 0. 0. ... 0. 0. 0.]
(40, 70)
(40, 70)
loop 263
3
harmonics: [1]
[0. 0. 0. ... 0. 0. 0.]
(40, 70)
(40, 70)
loop 264
3
harmonics: [1]
[0. 0. 0. ... 0. 0. 0.]
(40, 70)
(40, 70)
loop 265
3
harmonics: [1]
[0. 0. 0. ... 0. 0. 0.]
(40, 70)
(40, 70)
loop 266
3
harmonics: [1]
[0. 0. 0. ... 0. 0. 0.]
(40, 70)
(40, 70)
loop 267
3
harmonics: [1]
[0. 0. 0. ... 0. 0. 0.]
(40, 70)
(40, 70)
loop 268
3
harmonics: [1]
[0. 0. 0. ... 0. 0. 0.]
(40, 70)
(40, 70)
loop 269
3
harmonics: [1]
[0. 0. 0. ... 0. 0. 0.]
(40, 70)
(40, 70)
loop 270
3
harmonics: [1]
[0. 0. 0. ... 0. 0. 0.]
(40, 70)
(40, 70)
loop 271
3
harmonics: [1]
[0. 0. 0. ... 0. 0. 0.]
(40, 70)
(40, 70)
loop 272
3
harmonics: [1]
[0. 0. 0. ... 0. 0. 0.]
(40, 70)
(40, 70)
loop 273
3
harmonics: [1]
[ 0.         -3.14159265  0.         ...  0.          0.
  0.        ]
(40, 70)
(40, 70)
loop 274
3
harmonics: [1]
[ 0.          0.         -3.14159265 ...  0.          0.
  0.        ]
(40, 70)
(40, 70)
loop 275
3
harmonics: [1]
[ 0.          0.         -3.14159265 ...  0.          0.
  0.        ]
(40, 70)
(40, 70)
loop 276
3
harmonics: [1]
[0. 0. 0. ... 0. 0. 0.]
(40, 70)
(40, 70)
loop 277
3
harmonics: [1]
[0. 0. 0. ... 0. 0. 0.]
(40, 70)
(40, 70)
loop 278
3
harmonics: [1]
[0. 0. 0. ... 0. 0. 0.]
(40, 70)
(40, 70)
loop 279
3
harmonics: [1]
[0. 0. 0. ... 0. 0. 0.]
(40, 70)
(40, 70)
loop 280
3
harmonics: [1]
[0. 0. 0. ... 0. 0. 0.]
(40, 70)
(40, 70)
loop 281
3
harmonics: [1]
[0. 0. 0. ... 0. 0. 0.]
(40, 70)
(40, 70)
loop 282
3
harmonics: [1]
[0. 0. 0. ... 0. 0. 0.]
(40, 70)
(40, 70)
loop 283
3
harmonics: [1]
[0. 0. 0. ... 0. 0. 0.]
(40, 70)
(40, 70)
loop 284
3
harmonics: [1]
[0. 0. 0. ... 0. 0. 0.]
(40, 70)
(40, 70)
loop 285
3
harmonics: [1]
[0. 0. 0. ... 0. 0. 0.]
(40, 70)
(40, 70)
loop 286
3
harmonics: [1]
[0. 0. 0. ... 0. 0. 0.]
(40, 70)
(40, 70)
loop 287
3
harmonics: [1]
[0. 0. 0. ... 0. 0. 0.]
(40, 70)
(40, 70)
loop 288
3
harmonics: [1]
[0. 0. 0. ... 0. 0. 0.]
(40, 70)
(40, 70)
loop 289
3
harmonics: [1]
[0. 0. 0. ... 0. 0. 0.]
(40, 70)
(40, 70)
loop 290
3
harmonics: [1]
[ 0.         -3.14159265  0.         ...  0.          0.
  0.        ]
(40, 70)
(40, 70)
loop 291
3
harmonics: [1]
[ 0.          0.         -3.14159265 ...  0.          0.
  0.        ]
(40, 70)
(40, 70)
loop 292
3
harmonics: [1]
[ 0.          0.         -3.14159265 ...  0.          0.
  0.        ]
(40, 70)
(40, 70)
loop 293
3
harmonics: [1]
[ 0.          0.         -3.14159265 ...  0.          0.
  0.        ]
(40, 70)
(40, 70)
loop 294
3
harmonics: [1]
[ 0.         -3.14159265  0.         ...  0.          0.
  0.        ]
(40, 70)
(40, 70)
loop 295
3
harmonics: [1]
[0. 0. 0. ... 0. 0. 0.]
(40, 70)
(40, 70)
loop 296
3
harmonics: [1]
[0. 0. 0. ... 0. 0. 0.]
(40, 70)
(40, 70)
loop 297
3
harmonics: [1]
[0. 0. 0. ... 0. 0. 0.]
(40, 70)
(40, 70)
loop 298
3
harmonics: [1]
[0. 0. 0. ... 0. 0. 0.]
(40, 70)
(40, 70)
loop 299
3
harmonics: [1]
[0. 0. 0. ... 0. 0. 0.]
(40, 70)
(40, 70)
loop 300
3
harmonics: [1]
[0. 0. 0. ... 0. 0. 0.]
(40, 70)
(40, 70)
loop 301
3
harmonics: [1]
[0. 0. 0. ... 0. 0. 0.]
(40, 70)
(40, 70)
loop 302
3
harmonics: [1]
[0. 0. 0. ... 0. 0. 0.]
(40, 70)
(40, 70)
loop 303
3
harmonics: [1]
[0. 0. 0. ... 0. 0. 0.]
(40, 70)
(40, 70)
loop 304
3
harmonics: [1]
[0. 0. 0. ... 0. 0. 0.]
(40, 70)
(40, 70)
loop 305
3
harmonics: [1]
[0. 0. 0. ... 0. 0. 0.]
(40, 70)
(40, 70)
loop 306
3
harmonics: [1]
[0. 0. 0. ... 0. 0. 0.]
(40, 70)
(40, 70)
loop 307
3
harmonics: [1]
[0. 0. 0. ... 0. 0. 0.]
(40, 70)
(40, 70)
loop 308
3
harmonics: [1]
[0. 0. 0. ... 0. 0. 0.]
(40, 70)
(40, 70)
loop 309
3
harmonics: [1]
[0. 0. 0. ... 0. 0. 0.]
(40, 70)
(40, 70)
loop 310
3
harmonics: [1]
[0. 0. 0. ... 0. 0. 0.]
(40, 70)
(40, 70)
loop 311
3
harmonics: [1]
[ 0.          0.         -3.14159265 ...  0.          0.
  0.        ]
(40, 70)
(40, 70)
loop 312
3
harmonics: [1]
[ 0.         -3.14159265  0.         ...  0.          0.
  0.        ]
(40, 70)
(40, 70)
loop 313
3
harmonics: [1]
[0. 0. 0. ... 0. 0. 0.]
(40, 70)
(40, 70)
loop 314
3
harmonics: [1]
[0. 0. 0. ... 0. 0. 0.]
(40, 70)
(40, 70)
loop 315
3
harmonics: [1]
[0. 0. 0. ... 0. 0. 0.]
(40, 70)
(40, 70)
loop 316
3
harmonics: [1]
[0. 0. 0. ... 0. 0. 0.]
(40, 70)
(40, 70)
loop 317
3
harmonics: [1]
[0. 0. 0. ... 0. 0. 0.]
(40, 70)
(40, 70)
loop 318
3
harmonics: [1]
[0. 0. 0. ... 0. 0. 0.]
(40, 70)
(40, 70)
loop 319
3
harmonics: [1]
[0. 0. 0. ... 0. 0. 0.]
(40, 70)
(40, 70)
loop 320
3
harmonics: [1]
[0. 0. 0. ... 0. 0. 0.]
(40, 70)
(40, 70)
loop 321
3
harmonics: [1]
[0. 0. 0. ... 0. 0. 0.]
(40, 70)
(40, 70)
loop 322
3
harmonics: [1]
[0. 0. 0. ... 0. 0. 0.]
(40, 70)
(40, 70)
loop 323
3
harmonics: [1]
[0. 0. 0. ... 0. 0. 0.]
(40, 70)
(40, 70)
loop 324
3
harmonics: [1]
[0. 0. 0. ... 0. 0. 0.]
(40, 70)
(40, 70)
loop 325
3
harmonics: [1]
[0. 0. 0. ... 0. 0. 0.]
(40, 70)
(40, 70)
loop 326
3
harmonics: [1]
[0. 0. 0. ... 0. 0. 0.]
(40, 70)
(40, 70)
loop 327
3
harmonics: [1]
[0. 0. 0. ... 0. 0. 0.]
(40, 70)
(40, 70)
loop 328
3
harmonics: [1]
[ 0.          0.         -3.14159265 ...  0.          0.
  0.        ]
(40, 70)
(40, 70)
loop 329
3
harmonics: [1]
[ 0.          0.         -3.14159265 ...  0.          0.
  0.        ]
(40, 70)
(40, 70)
loop 330
3
harmonics: [1]
[0. 0. 0. ... 0. 0. 0.]
(40, 70)
(40, 70)
loop 331
3
harmonics: [1]
[0. 0. 0. ... 0. 0. 0.]
(40, 70)
(40, 70)
loop 332
3
harmonics: [1]
[0. 0. 0. ... 0. 0. 0.]
(40, 70)
(40, 70)
loop 333
3
harmonics: [1]
[0. 0. 0. ... 0. 0. 0.]
(40, 70)
(40, 70)
loop 334
3
harmonics: [1]
[0. 0. 0. ... 0. 0. 0.]
(40, 70)
(40, 70)
loop 335
3
harmonics: [1]
[0. 0. 0. ... 0. 0. 0.]
(40, 70)
(40, 70)
loop 336
3
harmonics: [1]
[0. 0. 0. ... 0. 0. 0.]
(40, 70)
(40, 70)
loop 337
3
harmonics: [1]
[0. 0. 0. ... 0. 0. 0.]
(40, 70)
(40, 70)
loop 338
3
harmonics: [1]
[0. 0. 0. ... 0. 0. 0.]
(40, 70)
(40, 70)
loop 339
3
harmonics: [1]
[0. 0. 0. ... 0. 0. 0.]
(40, 70)
(40, 70)
loop 340
3
harmonics: [1]
[0. 0. 0. ... 0. 0. 0.]
(40, 70)
(40, 70)
loop 341
3
harmonics: [1]
[0. 0. 0. ... 0. 0. 0.]
(40, 70)
(40, 70)
loop 342
3
harmonics: [1]
[0. 0. 0. ... 0. 0. 0.]
(40, 70)
(40, 70)
loop 343
3
harmonics: [1]
[0. 0. 0. ... 0. 0. 0.]
(40, 70)
(40, 70)
loop 344
3
harmonics: [1]
[0. 0. 0. ... 0. 0. 0.]
(40, 70)
(40, 70)
loop 345
3
harmonics: [1]
[0. 0. 0. ... 0. 0. 0.]
(40, 70)
(40, 70)
loop 346
3
harmonics: [1]
[ 0.         -3.14159265  0.         ...  0.          0.
  0.        ]
(40, 70)
(40, 70)
loop 347
3
harmonics: [1]
[ 0.         -3.14159265  0.         ...  0.          0.
  0.        ]
(40, 70)
(40, 70)
loop 348
3
harmonics: [1]
[0. 0. 0. ... 0. 0. 0.]
(40, 70)
(40, 70)
loop 349
3
harmonics: [1]
[0. 0. 0. ... 0. 0. 0.]
(40, 70)
(40, 70)
loop 350
3
harmonics: [1]
[0. 0. 0. ... 0. 0. 0.]
(40, 70)
(40, 70)
loop 351
3
harmonics: [1]
[0. 0. 0. ... 0. 0. 0.]
(40, 70)
(40, 70)
loop 352
3
harmonics: [1]
[0. 0. 0. ... 0. 0. 0.]
(40, 70)
(40, 70)
loop 353
3
harmonics: [1]
[0. 0. 0. ... 0. 0. 0.]
(40, 70)
(40, 70)
loop 354
3
harmonics: [1]
[0. 0. 0. ... 0. 0. 0.]
(40, 70)
(40, 70)
loop 355
3
harmonics: [1]
[0. 0. 0. ... 0. 0. 0.]
(40, 70)
(40, 70)
loop 356
3
harmonics: [1]
[0. 0. 0. ... 0. 0. 0.]
(40, 70)
(40, 70)
loop 357
3
harmonics: [1]
[0. 0. 0. ... 0. 0. 0.]
(40, 70)
(40, 70)
loop 358
3
harmonics: [1]
[0. 0. 0. ... 0. 0. 0.]
(40, 70)
(40, 70)
loop 359
3
harmonics: [1]
[0. 0. 0. ... 0. 0. 0.]
(40, 70)
(40, 70)
loop 360
3
harmonics: [1]
[0. 0. 0. ... 0. 0. 0.]
(40, 70)
(40, 70)
loop 361
3
harmonics: [1]
[0. 0. 0. ... 0. 0. 0.]
(40, 70)
(40, 70)
loop 362
3
harmonics: [1]
[0. 0. 0. ... 0. 0. 0.]
(40, 70)
(40, 70)
loop 363
3
harmonics: [1]
[0. 0. 0. ... 0. 0. 0.]
(40, 70)
(40, 70)
loop 364
3
harmonics: [1]
[ 0.          0.         -3.14159265 ...  0.          0.
  0.        ]
(40, 70)
(40, 70)
loop 365
3
harmonics: [1]
[ 0.          0.         -3.14159265 ...  0.          0.
  0.        ]
(40, 70)
(40, 70)
loop 366
3
harmonics: [1]
[ 0.          0.         -3.14159265 ...  0.          0.
  0.        ]
(40, 70)
(40, 70)
loop 367
3
harmonics: [1]
[ 0.          0.         -3.14159265 ...  0.          0.
  0.        ]
(40, 70)
(40, 70)
loop 368
3
harmonics: [1]
[0. 0. 0. ... 0. 0. 0.]
(40, 70)
(40, 70)
loop 369
3
harmonics: [1]
[0. 0. 0. ... 0. 0. 0.]
(40, 70)
(40, 70)
loop 370
3
harmonics: [1]
[0. 0. 0. ... 0. 0. 0.]
(40, 70)
(40, 70)
loop 371
3
harmonics: [1]
[0. 0. 0. ... 0. 0. 0.]
(40, 70)
(40, 70)
loop 372
3
harmonics: [1]
[0. 0. 0. ... 0. 0. 0.]
(40, 70)
(40, 70)
loop 373
3
harmonics: [1]
[0. 0. 0. ... 0. 0. 0.]
(40, 70)
(40, 70)
loop 374
3
harmonics: [1]
[0. 0. 0. ... 0. 0. 0.]
(40, 70)
(40, 70)
loop 375
3
harmonics: [1]
[0. 0. 0. ... 0. 0. 0.]
(40, 70)
(40, 70)
loop 376
3
harmonics: [1]
[0. 0. 0. ... 0. 0. 0.]
(40, 70)
(40, 70)
loop 377
3
harmonics: [1]
[0. 0. 0. ... 0. 0. 0.]
(40, 70)
(40, 70)
loop 378
3
harmonics: [1]
[0. 0. 0. ... 0. 0. 0.]
(40, 70)
(40, 70)
loop 379
3
harmonics: [1]
[0. 0. 0. ... 0. 0. 0.]
(40, 70)
(40, 70)
loop 380
3
harmonics: [1]
[0. 0. 0. ... 0. 0. 0.]
(40, 70)
(40, 70)
loop 381
3
harmonics: [1]
[0. 0. 0. ... 0. 0. 0.]
(40, 70)
(40, 70)
loop 382
3
harmonics: [1]
[ 0.         -3.14159265  0.         ...  0.          0.
  0.        ]
(40, 70)
(40, 70)
loop 383
3
harmonics: [1]
[0. 0. 0. ... 0. 0. 0.]
(40, 70)
(40, 70)
loop 384
3
harmonics: [1]
[ 0.          0.         -3.14159265 ...  0.          0.
  0.        ]
(40, 70)
(40, 70)
loop 385
3
harmonics: [1]
[0. 0. 0. ... 0. 0. 0.]
(40, 70)
(40, 70)
loop 386
3
harmonics: [1]
[0. 0. 0. ... 0. 0. 0.]
(40, 70)
(40, 70)
loop 387
3
harmonics: [1]
[0. 0. 0. ... 0. 0. 0.]
(40, 70)
(40, 70)
loop 388
3
harmonics: [1]
[0. 0. 0. ... 0. 0. 0.]
(40, 70)
(40, 70)
loop 389
3
harmonics: [1]
[0. 0. 0. ... 0. 0. 0.]
(40, 70)
(40, 70)
loop 390
Progress:  1.0003591032678398  done after  2019-03-24 11:16:31.760305
3
harmonics: [1]
[0. 0. 0. ... 0. 0. 0.]
(40, 70)
(40, 70)
loop 391
3
harmonics: [1]
[0. 0. 0. ... 0. 0. 0.]
(40, 70)
(40, 70)
loop 392
3
harmonics: [1]
[0. 0. 0. ... 0. 0. 0.]
(40, 70)
(40, 70)
loop 393
3
harmonics: [1]
[0. 0. 0. ... 0. 0. 0.]
(40, 70)
(40, 70)
loop 394
3
harmonics: [1]
[0. 0. 0. ... 0. 0. 0.]
(40, 70)
(40, 70)
loop 395
3
harmonics: [1]
[0. 0. 0. ... 0. 0. 0.]
(40, 70)
(40, 70)
loop 396
3
harmonics: [1]
[0. 0. 0. ... 0. 0. 0.]
(40, 70)
(40, 70)
loop 397
3
harmonics: [1]
[0. 0. 0. ... 0. 0. 0.]
(40, 70)
(40, 70)
loop 398
3
harmonics: [1]
[0. 0. 0. ... 0. 0. 0.]
(40, 70)
(40, 70)
loop 399
3
harmonics: [1]
[0. 0. 0. ... 0. 0. 0.]
(40, 70)
(40, 70)
loop 400
3
harmonics: [1]
[0. 0. 0. ... 0. 0. 0.]
(40, 70)
(40, 70)
loop 401
3
harmonics: [1]
[ 0.         -3.14159265  0.         ...  0.          0.
  0.        ]
(40, 70)
(40, 70)
loop 402
3
harmonics: [1]
[ 0.          0.         -3.14159265 ...  0.          0.
  0.        ]
(40, 70)
(40, 70)
loop 403
3
harmonics: [1]
[ 0.         -3.14159265  0.         ...  0.          0.
  0.        ]
(40, 70)
(40, 70)
loop 404
3
harmonics: [1]
[0. 0. 0. ... 0. 0. 0.]
(40, 70)
(40, 70)
loop 405
3
harmonics: [1]
[0. 0. 0. ... 0. 0. 0.]
(40, 70)
(40, 70)
loop 406
3
harmonics: [1]
[0. 0. 0. ... 0. 0. 0.]
(40, 70)
(40, 70)
loop 407
3
harmonics: [1]
[0. 0. 0. ... 0. 0. 0.]
(40, 70)
(40, 70)
loop 408
3
harmonics: [1]
[0. 0. 0. ... 0. 0. 0.]
(40, 70)
(40, 70)
loop 409
3
harmonics: [1]
[0. 0. 0. ... 0. 0. 0.]
(40, 70)
(40, 70)
loop 410
3
harmonics: [1]
[0. 0. 0. ... 0. 0. 0.]
(40, 70)
(40, 70)
loop 411
3
harmonics: [1]
[0. 0. 0. ... 0. 0. 0.]
(40, 70)
(40, 70)
loop 412
3
harmonics: [1]
[0. 0. 0. ... 0. 0. 0.]
(40, 70)
(40, 70)
loop 413
3
harmonics: [1]
[0. 0. 0. ... 0. 0. 0.]
(40, 70)
(40, 70)
loop 414
3
harmonics: [1]
[0. 0. 0. ... 0. 0. 0.]
(40, 70)
(40, 70)
loop 415
3
harmonics: [1]
[0. 0. 0. ... 0. 0. 0.]
(40, 70)
(40, 70)
loop 416
3
harmonics: [1]
[0. 0. 0. ... 0. 0. 0.]
(40, 70)
(40, 70)
loop 417
3
harmonics: [1]
[ 0.         -3.14159265  0.         ...  0.          0.
  0.        ]
(40, 70)
(40, 70)
loop 418
3
harmonics: [1]
[ 0.         -3.14159265  0.         ...  0.          0.
  0.        ]
(40, 70)
(40, 70)
loop 419
3
harmonics: [1]
[ 0.          0.         -3.14159265 ...  0.          0.
  0.        ]
(40, 70)
(40, 70)
loop 420
3
harmonics: [1]
[ 0.         -3.14159265  0.         ...  0.          0.
  0.        ]
(40, 70)
(40, 70)
loop 421
3
harmonics: [1]
[ 0.         -3.14159265  0.         ...  0.          0.
  0.        ]
(40, 70)
(40, 70)
loop 422
3
harmonics: [1]
[ 0.          0.         -3.14159265 ...  0.          0.
  0.        ]
(40, 70)
(40, 70)
loop 423
3
harmonics: [1]
[0. 0. 0. ... 0. 0. 0.]
(40, 70)
(40, 70)
loop 424
3
harmonics: [1]
[0. 0. 0. ... 0. 0. 0.]
(40, 70)
(40, 70)
loop 425
3
harmonics: [1]
[0. 0. 0. ... 0. 0. 0.]
(40, 70)
(40, 70)
loop 426
3
harmonics: [1]
[0. 0. 0. ... 0. 0. 0.]
(40, 70)
(40, 70)
loop 427
3
harmonics: [1]
[0. 0. 0. ... 0. 0. 0.]
(40, 70)
(40, 70)
loop 428
3
harmonics: [1]
[0. 0. 0. ... 0. 0. 0.]
(40, 70)
(40, 70)
loop 429
3
harmonics: [1]
[0. 0. 0. ... 0. 0. 0.]
(40, 70)
(40, 70)
loop 430
3
harmonics: [1]
[0. 0. 0. ... 0. 0. 0.]
(40, 70)
(40, 70)
loop 431
3
harmonics: [1]
[0. 0. 0. ... 0. 0. 0.]
(40, 70)
(40, 70)
loop 432
3
harmonics: [1]
[0. 0. 0. ... 0. 0. 0.]
(40, 70)
(40, 70)
loop 433
3
harmonics: [1]
[0. 0. 0. ... 0. 0. 0.]
(40, 70)
(40, 70)
loop 434
3
harmonics: [1]
[0. 0. 0. ... 0. 0. 0.]
(40, 70)
(40, 70)
loop 435
3
harmonics: [1]
[0. 0. 0. ... 0. 0. 0.]
(40, 70)
(40, 70)
loop 436
3
harmonics: [1]
[ 0.         -3.14159265  0.         ...  0.          0.
  0.        ]
(40, 70)
(40, 70)
loop 437
3
harmonics: [1]
[ 0.          0.         -3.14159265 ...  0.          0.
  0.        ]
(40, 70)
(40, 70)
loop 438
3
harmonics: [1]
[ 0.          0.         -3.14159265 ...  0.          0.
  0.        ]
(40, 70)
(40, 70)
loop 439
3
harmonics: [1]
[ 0.         -3.14159265  0.         ...  0.          0.
  0.        ]
(40, 70)
(40, 70)
loop 440
3
harmonics: [1]
[ 0.         -3.14159265  0.         ...  0.          0.
  0.        ]
(40, 70)
(40, 70)
loop 441
3
harmonics: [1]
[0. 0. 0. ... 0. 0. 0.]
(40, 70)
(40, 70)
loop 442
3
harmonics: [1]
[0. 0. 0. ... 0. 0. 0.]
(40, 70)
(40, 70)
loop 443
3
harmonics: [1]
[0. 0. 0. ... 0. 0. 0.]
(40, 70)
(40, 70)
loop 444
3
harmonics: [1]
[0. 0. 0. ... 0. 0. 0.]
(40, 70)
(40, 70)
loop 445
3
harmonics: [1]
[0. 0. 0. ... 0. 0. 0.]
(40, 70)
(40, 70)
loop 446
3
harmonics: [1]
[0. 0. 0. ... 0. 0. 0.]
(40, 70)
(40, 70)
loop 447
3
harmonics: [1]
[0. 0. 0. ... 0. 0. 0.]
(40, 70)
(40, 70)
loop 448
3
harmonics: [1]
[0. 0. 0. ... 0. 0. 0.]
(40, 70)
(40, 70)
loop 449
3
harmonics: [1]
[0. 0. 0. ... 0. 0. 0.]
(40, 70)
(40, 70)
loop 450
3
harmonics: [1]
[0. 0. 0. ... 0. 0. 0.]
(40, 70)
(40, 70)
loop 451
3
harmonics: [1]
[0. 0. 0. ... 0. 0. 0.]
(40, 70)
(40, 70)
loop 452
3
harmonics: [1]
[0. 0. 0. ... 0. 0. 0.]
(40, 70)
(40, 70)
loop 453
3
harmonics: [1]
[0. 0. 0. ... 0. 0. 0.]
(40, 70)
(40, 70)
loop 454
3
harmonics: [1]
[0. 0. 0. ... 0. 0. 0.]
(40, 70)
(40, 70)
loop 455
3
harmonics: [1]
[ 0.         -3.14159265  0.         ...  0.          0.
  0.        ]
(40, 70)
(40, 70)
loop 456
3
harmonics: [1]
[0. 0. 0. ... 0. 0. 0.]
(40, 70)
(40, 70)
loop 457
3
harmonics: [1]
[ 0.          0.         -3.14159265 ...  0.          0.
  0.        ]
(40, 70)
(40, 70)
loop 458
3
harmonics: [1]
[0. 0. 0. ... 0. 0. 0.]
(40, 70)
(40, 70)
loop 459
3
harmonics: [1]
[0. 0. 0. ... 0. 0. 0.]
(40, 70)
(40, 70)
loop 460
3
harmonics: [1]
[0. 0. 0. ... 0. 0. 0.]
(40, 70)
(40, 70)
loop 461
3
harmonics: [1]
[0. 0. 0. ... 0. 0. 0.]
(40, 70)
(40, 70)
loop 462
3
harmonics: [1]
[0. 0. 0. ... 0. 0. 0.]
(40, 70)
(40, 70)
loop 463
3
harmonics: [1]
[0. 0. 0. ... 0. 0. 0.]
(40, 70)
(40, 70)
loop 464
3
harmonics: [1]
[0. 0. 0. ... 0. 0. 0.]
(40, 70)
(40, 70)
loop 465
3
harmonics: [1]
[0. 0. 0. ... 0. 0. 0.]
(40, 70)
(40, 70)
loop 466
3
harmonics: [1]
[0. 0. 0. ... 0. 0. 0.]
(40, 70)
(40, 70)
loop 467
3
harmonics: [1]
[0. 0. 0. ... 0. 0. 0.]
(40, 70)
(40, 70)
loop 468
3
harmonics: [1]
[0. 0. 0. ... 0. 0. 0.]
(40, 70)
(40, 70)
loop 469
3
harmonics: [1]
[0. 0. 0. ... 0. 0. 0.]
(40, 70)
(40, 70)
loop 470
3
harmonics: [1]
[0. 0. 0. ... 0. 0. 0.]
(40, 70)
(40, 70)
loop 471
3
harmonics: [1]
[0. 0. 0. ... 0. 0. 0.]
(40, 70)
(40, 70)
loop 472
3
harmonics: [1]
[0. 0. 0. ... 0. 0. 0.]
(40, 70)
(40, 70)
loop 473
3
harmonics: [1]
[ 0.          0.         -3.14159265 ...  0.          0.
  0.        ]
(40, 70)
(40, 70)
loop 474
3
harmonics: [1]
[ 0.         -3.14159265  0.         ...  0.          0.
  0.        ]
(40, 70)
(40, 70)
loop 475
3
harmonics: [1]
[0. 0. 0. ... 0. 0. 0.]
(40, 70)
(40, 70)
loop 476
3
harmonics: [1]
[ 0.         -3.14159265  0.         ...  0.          0.
  0.        ]
(40, 70)
(40, 70)
loop 477
3
harmonics: [1]
[0. 0. 0. ... 0. 0. 0.]
(40, 70)
(40, 70)
loop 478
3
harmonics: [1]
[0. 0. 0. ... 0. 0. 0.]
(40, 70)
(40, 70)
loop 479
3
harmonics: [1]
[0. 0. 0. ... 0. 0. 0.]
(40, 70)
(40, 70)
loop 480
3
harmonics: [1]
[0. 0. 0. ... 0. 0. 0.]
(40, 70)
(40, 70)
loop 481
3
harmonics: [1]
[0. 0. 0. ... 0. 0. 0.]
(40, 70)
(40, 70)
loop 482
3
harmonics: [1]
[0. 0. 0. ... 0. 0. 0.]
(40, 70)
(40, 70)
loop 483
3
harmonics: [1]
[0. 0. 0. ... 0. 0. 0.]
(40, 70)
(40, 70)
loop 484
3
harmonics: [1]
[0. 0. 0. ... 0. 0. 0.]
(40, 70)
(40, 70)
loop 485
3
harmonics: [1]
[0. 0. 0. ... 0. 0. 0.]
(40, 70)
(40, 70)
loop 486
3
harmonics: [1]
[0. 0. 0. ... 0. 0. 0.]
(40, 70)
(40, 70)
loop 487
3
harmonics: [1]
[0. 0. 0. ... 0. 0. 0.]
(40, 70)
(40, 70)
loop 488
3
harmonics: [1]
[0. 0. 0. ... 0. 0. 0.]
(40, 70)
(40, 70)
loop 489
3
harmonics: [1]
[0. 0. 0. ... 0. 0. 0.]
(40, 70)
(40, 70)
loop 490
3
harmonics: [1]
[0. 0. 0. ... 0. 0. 0.]
(40, 70)
(40, 70)
loop 491
3
harmonics: [1]
[ 0.         -3.14159265  0.         ...  0.          0.
  0.        ]
(40, 70)
(40, 70)
loop 492
3
harmonics: [1]
[0. 0. 0. ... 0. 0. 0.]
(40, 70)
(40, 70)
loop 493
3
harmonics: [1]
[ 0.          0.         -3.14159265 ...  0.          0.
  0.        ]
(40, 70)
(40, 70)
loop 494
3
harmonics: [1]
[ 0.         -3.14159265  0.         ...  0.          0.
  0.        ]
(40, 70)
(40, 70)
loop 495
3
harmonics: [1]
[0. 0. 0. ... 0. 0. 0.]
(40, 70)
(40, 70)
loop 496
3
harmonics: [1]
[0. 0. 0. ... 0. 0. 0.]
(40, 70)
(40, 70)
loop 497
3
harmonics: [1]
[0. 0. 0. ... 0. 0. 0.]
(40, 70)
(40, 70)
loop 498
3
harmonics: [1]
[0. 0. 0. ... 0. 0. 0.]
(40, 70)
(40, 70)
loop 499
3
harmonics: [1]
[0. 0. 0. ... 0. 0. 0.]
(40, 70)
(40, 70)
loop 500
3
harmonics: [1]
[0. 0. 0. ... 0. 0. 0.]
(40, 70)
(40, 70)
loop 501
3
harmonics: [1]
[0. 0. 0. ... 0. 0. 0.]
(40, 70)
(40, 70)
loop 502
3
harmonics: [1]
[0. 0. 0. ... 0. 0. 0.]
(40, 70)
(40, 70)
loop 503
3
harmonics: [1]
[0. 0. 0. ... 0. 0. 0.]
(40, 70)
(40, 70)
loop 504
3
harmonics: [1]
[0. 0. 0. ... 0. 0. 0.]
(40, 70)
(40, 70)
loop 505
3
harmonics: [1]
[0. 0. 0. ... 0. 0. 0.]
(40, 70)
(40, 70)
loop 506
3
harmonics: [1]
[0. 0. 0. ... 0. 0. 0.]
(40, 70)
(40, 70)
loop 507
3
harmonics: [1]
[0. 0. 0. ... 0. 0. 0.]
(40, 70)
(40, 70)
loop 508
3
harmonics: [1]
[0. 0. 0. ... 0. 0. 0.]
(40, 70)
(40, 70)
loop 509
3
harmonics: [1]
[0. 0. 0. ... 0. 0. 0.]
(40, 70)
(40, 70)
loop 510
3
harmonics: [1]
[0. 0. 0. ... 0. 0. 0.]
(40, 70)
(40, 70)
loop 511
3
harmonics: [1]
[ 0.          0.         -3.14159265 ...  0.          0.
  0.        ]
(40, 70)
(40, 70)
loop 512
3
harmonics: [1]
[ 0.          0.         -3.14159265 ...  0.          0.
  0.        ]
(40, 70)
(40, 70)
loop 513
3
harmonics: [1]
[ 0.         -3.14159265  0.         ...  0.          0.
  0.        ]
(40, 70)
(40, 70)
loop 514
3
harmonics: [1]
[0. 0. 0. ... 0. 0. 0.]
(40, 70)
(40, 70)
loop 515
3
harmonics: [1]
[0. 0. 0. ... 0. 0. 0.]
(40, 70)
(40, 70)
loop 516
3
harmonics: [1]
[0. 0. 0. ... 0. 0. 0.]
(40, 70)
(40, 70)
loop 517
3
harmonics: [1]
[0. 0. 0. ... 0. 0. 0.]
(40, 70)
(40, 70)
loop 518
3
harmonics: [1]
[0. 0. 0. ... 0. 0. 0.]
(40, 70)
(40, 70)
loop 519
3
harmonics: [1]
[0. 0. 0. ... 0. 0. 0.]
(40, 70)
(40, 70)
loop 520
3
harmonics: [1]
[0. 0. 0. ... 0. 0. 0.]
(40, 70)
(40, 70)
loop 521
3
harmonics: [1]
[0. 0. 0. ... 0. 0. 0.]
(40, 70)
(40, 70)
loop 522
3
harmonics: [1]
[0. 0. 0. ... 0. 0. 0.]
(40, 70)
(40, 70)
loop 523
3
harmonics: [1]
[0. 0. 0. ... 0. 0. 0.]
(40, 70)
(40, 70)
loop 524
3
harmonics: [1]
[0. 0. 0. ... 0. 0. 0.]
(40, 70)
(40, 70)
loop 525
3
harmonics: [1]
[0. 0. 0. ... 0. 0. 0.]
(40, 70)
(40, 70)
loop 526
3
harmonics: [1]
[0. 0. 0. ... 0. 0. 0.]
(40, 70)
(40, 70)
loop 527
3
harmonics: [1]
[0. 0. 0. ... 0. 0. 0.]
(40, 70)
(40, 70)
loop 528
3
harmonics: [1]
[0. 0. 0. ... 0. 0. 0.]
(40, 70)
(40, 70)
loop 529
3
harmonics: [1]
[0. 0. 0. ... 0. 0. 0.]
(40, 70)
(40, 70)
loop 530
3
harmonics: [1]
[ 0.          0.         -3.14159265 ...  0.          0.
  0.        ]
(40, 70)
(40, 70)
loop 531
3
harmonics: [1]
[ 0.          0.         -3.14159265 ...  0.          0.
  0.        ]
(40, 70)
(40, 70)
loop 532
3
harmonics: [1]
[0. 0. 0. ... 0. 0. 0.]
(40, 70)
(40, 70)
loop 533
3
harmonics: [1]
[0. 0. 0. ... 0. 0. 0.]
(40, 70)
(40, 70)
loop 534
3
harmonics: [1]
[0. 0. 0. ... 0. 0. 0.]
(40, 70)
(40, 70)
loop 535
3
harmonics: [1]
[0. 0. 0. ... 0. 0. 0.]
(40, 70)
(40, 70)
loop 536
3
harmonics: [1]
[0. 0. 0. ... 0. 0. 0.]
(40, 70)
(40, 70)
loop 537
3
harmonics: [1]
[0. 0. 0. ... 0. 0. 0.]
(40, 70)
(40, 70)
loop 538
3
harmonics: [1]
[0. 0. 0. ... 0. 0. 0.]
(40, 70)
(40, 70)
loop 539
3
harmonics: [1]
[0. 0. 0. ... 0. 0. 0.]
(40, 70)
(40, 70)
loop 540
3
harmonics: [1]
[0. 0. 0. ... 0. 0. 0.]
(40, 70)
(40, 70)
loop 541
3
harmonics: [1]
[0. 0. 0. ... 0. 0. 0.]
(40, 70)
(40, 70)
loop 542
3
harmonics: [1]
[0. 0. 0. ... 0. 0. 0.]
(40, 70)
(40, 70)
loop 543
3
harmonics: [1]
[0. 0. 0. ... 0. 0. 0.]
(40, 70)
(40, 70)
loop 544
3
harmonics: [1]
[0. 0. 0. ... 0. 0. 0.]
(40, 70)
(40, 70)
loop 545
3
harmonics: [1]
[0. 0. 0. ... 0. 0. 0.]
(40, 70)
(40, 70)
loop 546
3
harmonics: [1]
[0. 0. 0. ... 0. 0. 0.]
(40, 70)
(40, 70)
loop 547
3
harmonics: [1]
[ 0.          0.         -3.14159265 ...  0.          0.
  0.        ]
(40, 70)
(40, 70)
loop 548
3
harmonics: [1]
[ 0.         -3.14159265  0.         ...  0.          0.
  0.        ]
(40, 70)
(40, 70)
loop 549
3
harmonics: [1]
[ 0.         -3.14159265  0.         ...  0.          0.
  0.        ]
(40, 70)
(40, 70)
loop 550
3
harmonics: [1]
[ 0.         -3.14159265  0.         ...  0.          0.
  0.        ]
(40, 70)
(40, 70)
loop 551
3
harmonics: [1]
[0. 0. 0. ... 0. 0. 0.]
(40, 70)
(40, 70)
loop 552
3
harmonics: [1]
[0. 0. 0. ... 0. 0. 0.]
(40, 70)
(40, 70)
loop 553
3
harmonics: [1]
[0. 0. 0. ... 0. 0. 0.]
(40, 70)
(40, 70)
loop 554
3
harmonics: [1]
[0. 0. 0. ... 0. 0. 0.]
(40, 70)
(40, 70)
loop 555
3
harmonics: [1]
[0. 0. 0. ... 0. 0. 0.]
(40, 70)
(40, 70)
loop 556
3
harmonics: [1]
[0. 0. 0. ... 0. 0. 0.]
(40, 70)
(40, 70)
loop 557
3
harmonics: [1]
[0. 0. 0. ... 0. 0. 0.]
(40, 70)
(40, 70)
loop 558
3
harmonics: [1]
[0. 0. 0. ... 0. 0. 0.]
(40, 70)
(40, 70)
loop 559
3
harmonics: [1]
[0. 0. 0. ... 0. 0. 0.]
(40, 70)
(40, 70)
loop 560
3
harmonics: [1]
[0. 0. 0. ... 0. 0. 0.]
(40, 70)
(40, 70)
loop 561
3
harmonics: [1]
[0. 0. 0. ... 0. 0. 0.]
(40, 70)
(40, 70)
loop 562
3
harmonics: [1]
[0. 0. 0. ... 0. 0. 0.]
(40, 70)
(40, 70)
loop 563
3
harmonics: [1]
[0. 0. 0. ... 0. 0. 0.]
(40, 70)
(40, 70)
loop 564
3
harmonics: [1]
[0. 0. 0. ... 0. 0. 0.]
(40, 70)
(40, 70)
loop 565
3
harmonics: [1]
[ 0.          0.         -3.14159265 ...  0.          0.
  0.        ]
(40, 70)
(40, 70)
loop 566
3
harmonics: [1]
[ 0.         -3.14159265  0.         ...  0.          0.
  0.        ]
(40, 70)
(40, 70)
loop 567
3
harmonics: [1]
[ 0.          0.         -3.14159265 ...  0.          0.
  0.        ]
(40, 70)
(40, 70)
loop 568
3
harmonics: [1]
[0. 0. 0. ... 0. 0. 0.]
(40, 70)
(40, 70)
loop 569
3
harmonics: [1]
[ 0.         -3.14159265  0.         ...  0.          0.
  0.        ]
(40, 70)
(40, 70)
loop 570
3
harmonics: [1]
[0. 0. 0. ... 0. 0. 0.]
(40, 70)
(40, 70)
loop 571
3
harmonics: [1]
[0. 0. 0. ... 0. 0. 0.]
(40, 70)
(40, 70)
loop 572
3
harmonics: [1]
[0. 0. 0. ... 0. 0. 0.]
(40, 70)
(40, 70)
loop 573
3
harmonics: [1]
[0. 0. 0. ... 0. 0. 0.]
(40, 70)
(40, 70)
loop 574
3
harmonics: [1]
[0. 0. 0. ... 0. 0. 0.]
(40, 70)
(40, 70)
loop 575
3
harmonics: [1]
[0. 0. 0. ... 0. 0. 0.]
(40, 70)
(40, 70)
loop 576
3
harmonics: [1]
[0. 0. 0. ... 0. 0. 0.]
(40, 70)
(40, 70)
loop 577
3
harmonics: [1]
[0. 0. 0. ... 0. 0. 0.]
(40, 70)
(40, 70)
loop 578
3
harmonics: [1]
[0. 0. 0. ... 0. 0. 0.]
(40, 70)
(40, 70)
loop 579
3
harmonics: [1]
[0. 0. 0. ... 0. 0. 0.]
(40, 70)
(40, 70)
loop 580
3
harmonics: [1]
[0. 0. 0. ... 0. 0. 0.]
(40, 70)
(40, 70)
loop 581
3
harmonics: [1]
[0. 0. 0. ... 0. 0. 0.]
(40, 70)
(40, 70)
loop 582
3
harmonics: [1]
[0. 0. 0. ... 0. 0. 0.]
(40, 70)
(40, 70)
loop 583
3
harmonics: [1]
[0. 0. 0. ... 0. 0. 0.]
(40, 70)
(40, 70)
loop 584
3
harmonics: [1]
[ 0.         -3.14159265  0.         ...  0.          0.
  0.        ]
(40, 70)
(40, 70)
loop 585
3
harmonics: [1]
[ 0.         -3.14159265  0.         ...  0.          0.
  0.        ]
(40, 70)
(40, 70)
loop 586
3
harmonics: [1]
[ 0.          0.         -3.14159265 ...  0.          0.
  0.        ]
(40, 70)
(40, 70)
loop 587
3
harmonics: [1]
[0. 0. 0. ... 0. 0. 0.]
(40, 70)
(40, 70)
loop 588
3
harmonics: [1]
[0. 0. 0. ... 0. 0. 0.]
(40, 70)
(40, 70)
loop 589
3
harmonics: [1]
[0. 0. 0. ... 0. 0. 0.]
(40, 70)
(40, 70)
loop 590
3
harmonics: [1]
[0. 0. 0. ... 0. 0. 0.]
(40, 70)
(40, 70)
loop 591
3
harmonics: [1]
[0. 0. 0. ... 0. 0. 0.]
(40, 70)
(40, 70)
loop 592
3
harmonics: [1]
[0. 0. 0. ... 0. 0. 0.]
(40, 70)
(40, 70)
loop 593
3
harmonics: [1]
[0. 0. 0. ... 0. 0. 0.]
(40, 70)
(40, 70)
loop 594
3
harmonics: [1]
[0. 0. 0. ... 0. 0. 0.]
(40, 70)
(40, 70)
loop 595
3
harmonics: [1]
[0. 0. 0. ... 0. 0. 0.]
(40, 70)
(40, 70)
loop 596
3
harmonics: [1]
[0. 0. 0. ... 0. 0. 0.]
(40, 70)
(40, 70)
loop 597
3
harmonics: [1]
[0. 0. 0. ... 0. 0. 0.]
(40, 70)
(40, 70)
loop 598
3
harmonics: [1]
[0. 0. 0. ... 0. 0. 0.]
(40, 70)
(40, 70)
loop 599
3
harmonics: [1]
[0. 0. 0. ... 0. 0. 0.]
(40, 70)
(40, 70)
loop 600
3
harmonics: [1]
[0. 0. 0. ... 0. 0. 0.]
(40, 70)
(40, 70)
loop 601
3
harmonics: [1]
[0. 0. 0. ... 0. 0. 0.]
(40, 70)
(40, 70)
loop 602
3
harmonics: [1]
[ 0.         -3.14159265  0.         ...  0.          0.
  0.        ]
(40, 70)
(40, 70)
loop 603
3
harmonics: [1]
[0. 0. 0. ... 0. 0. 0.]
(40, 70)
(40, 70)
loop 604
3
harmonics: [1]
[ 0.         -3.14159265  0.         ...  0.          0.
  0.        ]
(40, 70)
(40, 70)
loop 605
3
harmonics: [1]
[ 0.          0.         -3.14159265 ...  0.          0.
  0.        ]
(40, 70)
(40, 70)
loop 606
3
harmonics: [1]
[0. 0. 0. ... 0. 0. 0.]
(40, 70)
(40, 70)
loop 607
3
harmonics: [1]
[0. 0. 0. ... 0. 0. 0.]
(40, 70)
(40, 70)
loop 608
3
harmonics: [1]
[0. 0. 0. ... 0. 0. 0.]
(40, 70)
(40, 70)
loop 609
3
harmonics: [1]
[0. 0. 0. ... 0. 0. 0.]
(40, 70)
(40, 70)
loop 610
3
harmonics: [1]
[0. 0. 0. ... 0. 0. 0.]
(40, 70)
(40, 70)
loop 611
3
harmonics: [1]
[0. 0. 0. ... 0. 0. 0.]
(40, 70)
(40, 70)
loop 612
3
harmonics: [1]
[0. 0. 0. ... 0. 0. 0.]
(40, 70)
(40, 70)
loop 613
3
harmonics: [1]
[0. 0. 0. ... 0. 0. 0.]
(40, 70)
(40, 70)
loop 614
3
harmonics: [1]
[0. 0. 0. ... 0. 0. 0.]
(40, 70)
(40, 70)
loop 615
3
harmonics: [1]
[0. 0. 0. ... 0. 0. 0.]
(40, 70)
(40, 70)
loop 616
3
harmonics: [1]
[0. 0. 0. ... 0. 0. 0.]
(40, 70)
(40, 70)
loop 617
3
harmonics: [1]
[0. 0. 0. ... 0. 0. 0.]
(40, 70)
(40, 70)
loop 618
3
harmonics: [1]
[0. 0. 0. ... 0. 0. 0.]
(40, 70)
(40, 70)
loop 619
3
harmonics: [1]
[0. 0. 0. ... 0. 0. 0.]
(40, 70)
(40, 70)
loop 620
3
harmonics: [1]
[ 0.         -3.14159265  0.         ...  0.          0.
  0.        ]
(40, 70)
(40, 70)
loop 621
3
harmonics: [1]
[ 0.          0.         -3.14159265 ...  0.          0.
  0.        ]
(40, 70)
(40, 70)
loop 622
3
harmonics: [1]
[ 0.          0.         -3.14159265 ...  0.          0.
  0.        ]
(40, 70)
(40, 70)
loop 623
3
harmonics: [1]
[ 0.         -3.14159265  0.         ...  0.          0.
  0.        ]
(40, 70)
(40, 70)
loop 624
3
harmonics: [1]
[ 0.         -3.14159265  0.         ...  0.          0.
  0.        ]
(40, 70)
(40, 70)
loop 625
3
harmonics: [1]
[0. 0. 0. ... 0. 0. 0.]
(40, 70)
(40, 70)
loop 626
3
harmonics: [1]
[0. 0. 0. ... 0. 0. 0.]
(40, 70)
(40, 70)
loop 627
3
harmonics: [1]
[0. 0. 0. ... 0. 0. 0.]
(40, 70)
(40, 70)
loop 628
3
harmonics: [1]
[0. 0. 0. ... 0. 0. 0.]
(40, 70)
(40, 70)
loop 629
3
harmonics: [1]
[0. 0. 0. ... 0. 0. 0.]
(40, 70)
(40, 70)
loop 630
3
harmonics: [1]
[0. 0. 0. ... 0. 0. 0.]
(40, 70)
(40, 70)
loop 631
3
harmonics: [1]
[0. 0. 0. ... 0. 0. 0.]
(40, 70)
(40, 70)
loop 632
3
harmonics: [1]
[0. 0. 0. ... 0. 0. 0.]
(40, 70)
(40, 70)
loop 633
3
harmonics: [1]
[0. 0. 0. ... 0. 0. 0.]
(40, 70)
(40, 70)
loop 634
3
harmonics: [1]
[0. 0. 0. ... 0. 0. 0.]
(40, 70)
(40, 70)
loop 635
3
harmonics: [1]
[0. 0. 0. ... 0. 0. 0.]
(40, 70)
(40, 70)
loop 636
3
harmonics: [1]
[0. 0. 0. ... 0. 0. 0.]
(40, 70)
(40, 70)
loop 637
3
harmonics: [1]
[0. 0. 0. ... 0. 0. 0.]
(40, 70)
(40, 70)
loop 638
3
harmonics: [1]
[ 0.         -3.14159265  0.         ...  0.          0.
  0.        ]
(40, 70)
(40, 70)
loop 639
3
harmonics: [1]
[ 0.         -3.14159265  0.         ...  0.          0.
  0.        ]
(40, 70)
(40, 70)
loop 640
3
harmonics: [1]
[ 0.          0.         -3.14159265 ...  0.          0.
  0.        ]
(40, 70)
(40, 70)
loop 641
3
harmonics: [1]
[ 0.         -3.14159265  0.         ...  0.          0.
  0.        ]
(40, 70)
(40, 70)
loop 642
3
harmonics: [1]
[0. 0. 0. ... 0. 0. 0.]
(40, 70)
(40, 70)
loop 643
3
harmonics: [1]
[0. 0. 0. ... 0. 0. 0.]
(40, 70)
(40, 70)
loop 644
3
harmonics: [1]
[0. 0. 0. ... 0. 0. 0.]
(40, 70)
(40, 70)
loop 645
3
harmonics: [1]
[0. 0. 0. ... 0. 0. 0.]
(40, 70)
(40, 70)
loop 646
3
harmonics: [1]
[0. 0. 0. ... 0. 0. 0.]
(40, 70)
(40, 70)
loop 647
3
harmonics: [1]
[0. 0. 0. ... 0. 0. 0.]
(40, 70)
(40, 70)
loop 648
3
harmonics: [1]
[0. 0. 0. ... 0. 0. 0.]
(40, 70)
(40, 70)
loop 649
3
harmonics: [1]
[0. 0. 0. ... 0. 0. 0.]
(40, 70)
(40, 70)
loop 650
3
harmonics: [1]
[0. 0. 0. ... 0. 0. 0.]
(40, 70)
(40, 70)
loop 651
3
harmonics: [1]
[0. 0. 0. ... 0. 0. 0.]
(40, 70)
(40, 70)
loop 652
3
harmonics: [1]
[0. 0. 0. ... 0. 0. 0.]
(40, 70)
(40, 70)
loop 653
3
harmonics: [1]
[0. 0. 0. ... 0. 0. 0.]
(40, 70)
(40, 70)
loop 654
3
harmonics: [1]
[0. 0. 0. ... 0. 0. 0.]
(40, 70)
(40, 70)
loop 655
3
harmonics: [1]
[0. 0. 0. ... 0. 0. 0.]
(40, 70)
(40, 70)
loop 656
3
harmonics: [1]
[0. 0. 0. ... 0. 0. 0.]
(40, 70)
(40, 70)
loop 657
3
harmonics: [1]
[ 0.         -3.14159265  0.         ...  0.          0.
  0.        ]
(40, 70)
(40, 70)
loop 658
3
harmonics: [1]
[ 0.         -3.14159265  0.         ...  0.          0.
  0.        ]
(40, 70)
(40, 70)
loop 659
3
harmonics: [1]
[ 0.          0.         -3.14159265 ...  0.          0.
  0.        ]
(40, 70)
(40, 70)
loop 660
3
harmonics: [1]
[ 0.          0.         -3.14159265 ...  0.          0.
  0.        ]
(40, 70)
(40, 70)
loop 661
3
harmonics: [1]
[0. 0. 0. ... 0. 0. 0.]
(40, 70)
(40, 70)
loop 662
3
harmonics: [1]
[0. 0. 0. ... 0. 0. 0.]
(40, 70)
(40, 70)
loop 663
3
harmonics: [1]
[0. 0. 0. ... 0. 0. 0.]
(40, 70)
(40, 70)
loop 664
3
harmonics: [1]
[0. 0. 0. ... 0. 0. 0.]
(40, 70)
(40, 70)
loop 665
3
harmonics: [1]
[0. 0. 0. ... 0. 0. 0.]
(40, 70)
(40, 70)
loop 666
3
harmonics: [1]
[0. 0. 0. ... 0. 0. 0.]
(40, 70)
(40, 70)
loop 667
3
harmonics: [1]
[0. 0. 0. ... 0. 0. 0.]
(40, 70)
(40, 70)
loop 668
3
harmonics: [1]
[0. 0. 0. ... 0. 0. 0.]
(40, 70)
(40, 70)
loop 669
3
harmonics: [1]
[0. 0. 0. ... 0. 0. 0.]
(40, 70)
(40, 70)
loop 670
3
harmonics: [1]
[0. 0. 0. ... 0. 0. 0.]
(40, 70)
(40, 70)
loop 671
3
harmonics: [1]
[0. 0. 0. ... 0. 0. 0.]
(40, 70)
(40, 70)
loop 672
3
harmonics: [1]
[0. 0. 0. ... 0. 0. 0.]
(40, 70)
(40, 70)
loop 673
3
harmonics: [1]
[0. 0. 0. ... 0. 0. 0.]
(40, 70)
(40, 70)
loop 674
3
harmonics: [1]
[0. 0. 0. ... 0. 0. 0.]
(40, 70)
(40, 70)
loop 675
3
harmonics: [1]
[0. 0. 0. ... 0. 0. 0.]
(40, 70)
(40, 70)
loop 676
3
harmonics: [1]
[ 0.          0.         -3.14159265 ...  0.          0.
  0.        ]
(40, 70)
(40, 70)
loop 677
3
harmonics: [1]
[ 0.          0.         -3.14159265 ...  0.          0.
  0.        ]
(40, 70)
(40, 70)
loop 678
3
harmonics: [1]
[ 0.         -3.14159265  0.         ...  0.          0.
  0.        ]
(40, 70)
(40, 70)
loop 679
3
harmonics: [1]
[0. 0. 0. ... 0. 0. 0.]
(40, 70)
(40, 70)
loop 680
3
harmonics: [1]
[ 0.         -3.14159265  0.         ...  0.          0.
  0.        ]
(40, 70)
(40, 70)
loop 681
3
harmonics: [1]
[0. 0. 0. ... 0. 0. 0.]
(40, 70)
(40, 70)
loop 682
3
harmonics: [1]
[0. 0. 0. ... 0. 0. 0.]
(40, 70)
(40, 70)
loop 683
3
harmonics: [1]
[0. 0. 0. ... 0. 0. 0.]
(40, 70)
(40, 70)
loop 684
3
harmonics: [1]
[0. 0. 0. ... 0. 0. 0.]
(40, 70)
(40, 70)
loop 685
3
harmonics: [1]
[0. 0. 0. ... 0. 0. 0.]
(40, 70)
(40, 70)
loop 686
3
harmonics: [1]
[0. 0. 0. ... 0. 0. 0.]
(40, 70)
(40, 70)
loop 687
3
harmonics: [1]
[0. 0. 0. ... 0. 0. 0.]
(40, 70)
(40, 70)
loop 688
3
harmonics: [1]
[0. 0. 0. ... 0. 0. 0.]
(40, 70)
(40, 70)
loop 689
3
harmonics: [1]
[0. 0. 0. ... 0. 0. 0.]
(40, 70)
(40, 70)
loop 690
3
harmonics: [1]
[0. 0. 0. ... 0. 0. 0.]
(40, 70)
(40, 70)
loop 691
3
harmonics: [1]
[0. 0. 0. ... 0. 0. 0.]
(40, 70)
(40, 70)
loop 692
3
harmonics: [1]
[0. 0. 0. ... 0. 0. 0.]
(40, 70)
(40, 70)
loop 693
3
harmonics: [1]
[0. 0. 0. ... 0. 0. 0.]
(40, 70)
(40, 70)
loop 694
3
harmonics: [1]
[ 0.         -3.14159265  0.         ...  0.          0.
  0.        ]
(40, 70)
(40, 70)
loop 695
3
harmonics: [1]
[ 0.          0.         -3.14159265 ...  0.          0.
  0.        ]
(40, 70)
(40, 70)
loop 696
3
harmonics: [1]
[ 0.         -3.14159265  0.         ...  0.          0.
  0.        ]
(40, 70)
(40, 70)
loop 697
3
harmonics: [1]
[ 0.         -3.14159265  0.         ...  0.          0.
  0.        ]
(40, 70)
(40, 70)
loop 698
3
harmonics: [1]
[0. 0. 0. ... 0. 0. 0.]
(40, 70)
(40, 70)
loop 699
3
harmonics: [1]
[0. 0. 0. ... 0. 0. 0.]
(40, 70)
(40, 70)
loop 700
3
harmonics: [1]
[0. 0. 0. ... 0. 0. 0.]
(40, 70)
(40, 70)
loop 701
3
harmonics: [1]
[0. 0. 0. ... 0. 0. 0.]
(40, 70)
(40, 70)
loop 702
3
harmonics: [1]
[0. 0. 0. ... 0. 0. 0.]
(40, 70)
(40, 70)
loop 703
3
harmonics: [1]
[0. 0. 0. ... 0. 0. 0.]
(40, 70)
(40, 70)
loop 704
3
harmonics: [1]
[0. 0. 0. ... 0. 0. 0.]
(40, 70)
(40, 70)
loop 705
3
harmonics: [1]
[0. 0. 0. ... 0. 0. 0.]
(40, 70)
(40, 70)
loop 706
3
harmonics: [1]
[0. 0. 0. ... 0. 0. 0.]
(40, 70)
(40, 70)
loop 707
3
harmonics: [1]
[0. 0. 0. ... 0. 0. 0.]
(40, 70)
(40, 70)
loop 708
3
harmonics: [1]
[0. 0. 0. ... 0. 0. 0.]
(40, 70)
(40, 70)
loop 709
3
harmonics: [1]
[0. 0. 0. ... 0. 0. 0.]
(40, 70)
(40, 70)
loop 710
3
harmonics: [1]
[0. 0. 0. ... 0. 0. 0.]
(40, 70)
(40, 70)
loop 711
3
harmonics: [1]
[0. 0. 0. ... 0. 0. 0.]
(40, 70)
(40, 70)
loop 712
3
harmonics: [1]
[ 0.          0.         -3.14159265 ...  0.          0.
  0.        ]
(40, 70)
(40, 70)
loop 713
3
harmonics: [1]
[ 0.         -3.14159265  0.         ...  0.          0.
  0.        ]
(40, 70)
(40, 70)
loop 714
3
harmonics: [1]
[ 0.          0.         -3.14159265 ...  0.          0.
  0.        ]
(40, 70)
(40, 70)
loop 715
3
harmonics: [1]
[ 0.          0.         -3.14159265 ...  0.          0.
  0.        ]
(40, 70)
(40, 70)
loop 716
3
harmonics: [1]
[0. 0. 0. ... 0. 0. 0.]
(40, 70)
(40, 70)
loop 717
3
harmonics: [1]
[0. 0. 0. ... 0. 0. 0.]
(40, 70)
(40, 70)
loop 718
3
harmonics: [1]
[0. 0. 0. ... 0. 0. 0.]
(40, 70)
(40, 70)
loop 719
3
harmonics: [1]
[0. 0. 0. ... 0. 0. 0.]
(40, 70)
(40, 70)
loop 720
3
harmonics: [1]
[0. 0. 0. ... 0. 0. 0.]
(40, 70)
(40, 70)
loop 721
3
harmonics: [1]
[0. 0. 0. ... 0. 0. 0.]
(40, 70)
(40, 70)
loop 722
3
harmonics: [1]
[0. 0. 0. ... 0. 0. 0.]
(40, 70)
(40, 70)
loop 723
3
harmonics: [1]
[0. 0. 0. ... 0. 0. 0.]
(40, 70)
(40, 70)
loop 724
3
harmonics: [1]
[0. 0. 0. ... 0. 0. 0.]
(40, 70)
(40, 70)
loop 725
3
harmonics: [1]
[0. 0. 0. ... 0. 0. 0.]
(40, 70)
(40, 70)
loop 726
3
harmonics: [1]
[0. 0. 0. ... 0. 0. 0.]
(40, 70)
(40, 70)
loop 727
3
harmonics: [1]
[0. 0. 0. ... 0. 0. 0.]
(40, 70)
(40, 70)
loop 728
3
harmonics: [1]
[0. 0. 0. ... 0. 0. 0.]
(40, 70)
(40, 70)
loop 729
3
harmonics: [1]
[0. 0. 0. ... 0. 0. 0.]
(40, 70)
(40, 70)
loop 730
3
harmonics: [1]
[ 0.         -3.14159265  0.         ...  0.          0.
  0.        ]
(40, 70)
(40, 70)
loop 731
3
harmonics: [1]
[ 0.          0.         -3.14159265 ...  0.          0.
  0.        ]
(40, 70)
(40, 70)
loop 732
3
harmonics: [1]
[ 0.          0.         -3.14159265 ...  0.          0.
  0.        ]
(40, 70)
(40, 70)
loop 733
3
harmonics: [1]
[ 0.          0.         -3.14159265 ...  0.          0.
  0.        ]
(40, 70)
(40, 70)
loop 734
3
harmonics: [1]
[0. 0. 0. ... 0. 0. 0.]
(40, 70)
(40, 70)
loop 735
3
harmonics: [1]
[0. 0. 0. ... 0. 0. 0.]
(40, 70)
(40, 70)
loop 736
3
harmonics: [1]
[0. 0. 0. ... 0. 0. 0.]
(40, 70)
(40, 70)
loop 737
3
harmonics: [1]
[0. 0. 0. ... 0. 0. 0.]
(40, 70)
(40, 70)
loop 738
3
harmonics: [1]
[0. 0. 0. ... 0. 0. 0.]
(40, 70)
(40, 70)
loop 739
3
harmonics: [1]
[0. 0. 0. ... 0. 0. 0.]
(40, 70)
(40, 70)
loop 740
3
harmonics: [1]
[0. 0. 0. ... 0. 0. 0.]
(40, 70)
(40, 70)
loop 741
3
harmonics: [1]
[0. 0. 0. ... 0. 0. 0.]
(40, 70)
(40, 70)
loop 742
3
harmonics: [1]
[0. 0. 0. ... 0. 0. 0.]
(40, 70)
(40, 70)
loop 743
3
harmonics: [1]
[0. 0. 0. ... 0. 0. 0.]
(40, 70)
(40, 70)
loop 744
3
harmonics: [1]
[0. 0. 0. ... 0. 0. 0.]
(40, 70)
(40, 70)
loop 745
3
harmonics: [1]
[0. 0. 0. ... 0. 0. 0.]
(40, 70)
(40, 70)
loop 746
3
harmonics: [1]
[0. 0. 0. ... 0. 0. 0.]
(40, 70)
(40, 70)
loop 747
3
harmonics: [1]
[0. 0. 0. ... 0. 0. 0.]
(40, 70)
(40, 70)
loop 748
3
harmonics: [1]
[0. 0. 0. ... 0. 0. 0.]
(40, 70)
(40, 70)
loop 749
3
harmonics: [1]
[ 0.          0.         -3.14159265 ...  0.          0.
  0.        ]
(40, 70)
(40, 70)
loop 750
3
harmonics: [1]
[ 0.          0.         -3.14159265 ...  0.          0.
  0.        ]
(40, 70)
(40, 70)
loop 751
3
harmonics: [1]
[ 0.         -3.14159265  0.         ...  0.          0.
  0.        ]
(40, 70)
(40, 70)
loop 752
3
harmonics: [1]
[ 0.         -3.14159265  0.         ...  0.          0.
  0.        ]
(40, 70)
(40, 70)
loop 753
3
harmonics: [1]
[0. 0. 0. ... 0. 0. 0.]
(40, 70)
(40, 70)
loop 754
3
harmonics: [1]
[0. 0. 0. ... 0. 0. 0.]
(40, 70)
(40, 70)
loop 755
3
harmonics: [1]
[0. 0. 0. ... 0. 0. 0.]
(40, 70)
(40, 70)
loop 756
3
harmonics: [1]
[0. 0. 0. ... 0. 0. 0.]
(40, 70)
(40, 70)
loop 757
3
harmonics: [1]
[0. 0. 0. ... 0. 0. 0.]
(40, 70)
(40, 70)
loop 758
3
harmonics: [1]
[0. 0. 0. ... 0. 0. 0.]
(40, 70)
(40, 70)
loop 759
3
harmonics: [1]
[0. 0. 0. ... 0. 0. 0.]
(40, 70)
(40, 70)
loop 760
3
harmonics: [1]
[0. 0. 0. ... 0. 0. 0.]
(40, 70)
(40, 70)
loop 761
3
harmonics: [1]
[0. 0. 0. ... 0. 0. 0.]
(40, 70)
(40, 70)
loop 762
3
harmonics: [1]
[0. 0. 0. ... 0. 0. 0.]
(40, 70)
(40, 70)
loop 763
3
harmonics: [1]
[0. 0. 0. ... 0. 0. 0.]
(40, 70)
(40, 70)
loop 764
3
harmonics: [1]
[0. 0. 0. ... 0. 0. 0.]
(40, 70)
(40, 70)
loop 765
3
harmonics: [1]
[0. 0. 0. ... 0. 0. 0.]
(40, 70)
(40, 70)
loop 766
3
harmonics: [1]
[0. 0. 0. ... 0. 0. 0.]
(40, 70)
(40, 70)
loop 767
3
harmonics: [1]
[0. 0. 0. ... 0. 0. 0.]
(40, 70)
(40, 70)
loop 768
3
harmonics: [1]
[ 0.         -3.14159265  0.         ...  0.          0.
  0.        ]
(40, 70)
(40, 70)
loop 769
3
harmonics: [1]
[0. 0. 0. ... 0. 0. 0.]
(40, 70)
(40, 70)
loop 770
3
harmonics: [1]
loop 1
Progress:  0.0025650233417124097  done after  2019-03-24 11:19:45.026177
3
harmonics: [1]
loop 2
3
harmonics: [1]
loop 3
3
harmonics: [1]
loop 4
3
harmonics: [1]
loop 5
3
harmonics: [1]
loop 6
3
harmonics: [1]
loop 7
3
harmonics: [1]
loop 8
3
harmonics: [1]
loop 9
3
harmonics: [1]
loop 10
3
harmonics: [1]
loop 11
3
harmonics: [1]
loop 12
3
harmonics: [1]
loop 13
3
harmonics: [1]
loop 14
3
harmonics: [1]
loop 15
3
harmonics: [1]
loop 16
3
harmonics: [1]
loop 17
3
harmonics: [1]
loop 18
3
harmonics: [1]
loop 19
3
harmonics: [1]
loop 20
3
harmonics: [1]
loop 21
3
harmonics: [1]
loop 22
3
harmonics: [1]
loop 23
3
harmonics: [1]
loop 24
3
harmonics: [1]
loop 25
3
harmonics: [1]
loop 26
3
harmonics: [1]
loop 27
3
harmonics: [1]
loop 28
3
harmonics: [1]
loop 29
3
harmonics: [1]
loop 30
3
harmonics: [1]
loop 31
3
harmonics: [1]
loop 32
3
harmonics: [1]
loop 33
3
harmonics: [1]
loop 34
3
harmonics: [1]
loop 35
3
harmonics: [1]
loop 36
3
harmonics: [1]
loop 37
3
harmonics: [1]
loop 38
3
harmonics: [1]
loop 39
3
harmonics: [1]
loop 40
3
harmonics: [1]
loop 41
3
harmonics: [1]
loop 42
3
harmonics: [1]
loop 43
3
harmonics: [1]
loop 44
3
harmonics: [1]
loop 45
3
harmonics: [1]
loop 46
3
harmonics: [1]
loop 47
3
harmonics: [1]
loop 48
3
harmonics: [1]
loop 49
3
harmonics: [1]
loop 50
3
harmonics: [1]
loop 51
3
harmonics: [1]
loop 52
3
harmonics: [1]
loop 53
3
harmonics: [1]
loop 54
3
harmonics: [1]
loop 55
3
harmonics: [1]
loop 56
3
harmonics: [1]
loop 57
3
harmonics: [1]
loop 58
3
harmonics: [1]
loop 59
3
harmonics: [1]
loop 60
3
harmonics: [1]
loop 61
3
harmonics: [1]
loop 62
3
harmonics: [1]
loop 63
3
harmonics: [1]
loop 64
3
harmonics: [1]
loop 65
3
harmonics: [1]
loop 66
3
harmonics: [1]
loop 67
3
harmonics: [1]
loop 68
3
harmonics: [1]
loop 69
3
harmonics: [1]
loop 70
3
harmonics: [1]
loop 71
3
harmonics: [1]
loop 72
3
harmonics: [1]
loop 73
3
harmonics: [1]
loop 74
3
harmonics: [1]
loop 75
3
harmonics: [1]
loop 76
3
harmonics: [1]
loop 77
3
harmonics: [1]
loop 78
3
harmonics: [1]
loop 79
3
harmonics: [1]
loop 80
3
harmonics: [1]
loop 81
3
harmonics: [1]
loop 82
3
harmonics: [1]
loop 83
3
harmonics: [1]
loop 84
3
harmonics: [1]
loop 85
3
harmonics: [1]
loop 86
3
harmonics: [1]
loop 87
3
harmonics: [1]
loop 88
3
harmonics: [1]
loop 89
3
harmonics: [1]
loop 90
3
harmonics: [1]
loop 91
3
harmonics: [1]
loop 92
3
harmonics: [1]
loop 93
3
harmonics: [1]
loop 94
3
harmonics: [1]
loop 95
3
harmonics: [1]
loop 96
3
harmonics: [1]
loop 97
3
harmonics: [1]
loop 98
3
harmonics: [1]
loop 99
3
harmonics: [1]
loop 100
3
harmonics: [1]
loop 101
3
harmonics: [1]
loop 102
3
harmonics: [1]
loop 103
3
harmonics: [1]
loop 104
3
harmonics: [1]
loop 105
3
harmonics: [1]
loop 106
3
harmonics: [1]
loop 107
3
harmonics: [1]
loop 108
3
harmonics: [1]
loop 109
3
harmonics: [1]
loop 110
3
harmonics: [1]
loop 111
3
harmonics: [1]
loop 112
3
harmonics: [1]
loop 113
3
harmonics: [1]
loop 114
3
harmonics: [1]
loop 115
3
harmonics: [1]
loop 116
3
harmonics: [1]
loop 117
3
harmonics: [1]
loop 118
3
harmonics: [1]
loop 119
3
harmonics: [1]
loop 120
3
harmonics: [1]
loop 121
3
harmonics: [1]
loop 122
3
harmonics: [1]
loop 123
3
harmonics: [1]
loop 124
3
harmonics: [1]
loop 125
3
harmonics: [1]
loop 126
3
harmonics: [1]
loop 127
3
harmonics: [1]
loop 128
3
harmonics: [1]
loop 129
3
harmonics: [1]
loop 130
3
harmonics: [1]
loop 131
3
harmonics: [1]
loop 132
3
harmonics: [1]
loop 133
3
harmonics: [1]
loop 134
3
harmonics: [1]
loop 135
3
harmonics: [1]
loop 136
3
harmonics: [1]
loop 137
3
harmonics: [1]
loop 138
3
harmonics: [1]
loop 139
3
harmonics: [1]
loop 140
